//NbTournees
53
//IdTournes NbColis
1 6
//IdColis IdCommandeInColis NbProducts IdProd1 QtyProd1 IdProd2 QtyProd2 ...
1 1 42 105 2 342 1 738 1 443 1 98 1 24 1 53 1 76 1 644 3 120 1 412 1 522 1 566 1 185 1 444 1 88 1 542 2 182 1 43 2 471 1 533 1 609 1 434 1 107 2 558 1 373 1 624 2 769 1 385 1 1 1 517 2 101 1 96 1 408 1 717 1 348 1 414 1 375 1 487 1 505 2 563 1 389 2
2 1 49 413 2 103 1 57 1 527 1 94 1 184 1 99 1 422 1 90 1 190 1 486 1 117 1 386 1 786 1 10 1 735 1 42 1 4 2 617 1 54 2 502 2 89 1 394 2 425 1 410 1 579 1 521 1 464 1 293 1 128 1 640 1 582 2 686 1 102 1 399 1 446 1 597 1 376 1 576 1 578 1 110 1 593 1 631 1 709 1 462 1 448 4 641 1 104 1 466 2
3 1 27 539 1 616 1 78 1 519 1 62 1 650 1 17 1 614 1 44 1 598 1 390 1 406 1 553 1 560 1 121 1 906 2 64 1 95 1 677 1 746 1 181 2 393 1 546 1 459 1 127 1 545 1 501 1
4 2 44 352 1 443 1 784 1 71 1 204 1 570 1 122 2 475 2 115 1 647 1 451 1 645 1 46 2 421 2 511 2 700 1 80 1 661 1 522 3 604 1 808 1 566 2 423 1 665 2 114 1 482 1 471 2 728 1 533 3 716 2 620 2 610 1 107 2 385 1 1 1 96 1 408 3 357 1 849 1 416 2 505 1 495 1 715 2 783 1
5 2 46 602 2 378 1 363 1 103 1 946 1 582 2 766 1 428 1 184 1 958 2 113 1 58 1 663 1 422 2 66 1 779 1 256 1 88 1 686 2 446 4 339 1 657 1 528 1 371 1 660 3 752 1 397 1 411 1 431 1 37 1 544 1 710 1 362 1 628 2 452 1 709 1 167 1 63 1 529 2 797 1 91 1 852 1 758 1 466 2 329 1 525 2
6 2 48 41 1 483 1 539 1 616 1 554 3 865 1 702 3 479 1 458 2 721 2 685 1 530 2 630 1 913 1 44 1 433 1 565 1 79 1 26 1 542 1 793 1 957 1 720 1 887 1 635 1 956 1 615 3 850 1 670 1 18 1 773 1 953 1 507 1 536 1 609 1 959 1 468 1 95 1 571 1 68 1 624 5 229 1 165 1 40 2 402 1 520 1 85 1 691 2
//IdTournes NbColis
2 6
//IdColis IdCommandeInColis NbProducts IdProd1 QtyProd1 IdProd2 QtyProd2 ...
7 2 42 343 2 158 1 50 2 456 2 235 1 82 1 800 1 527 2 644 1 463 1 486 1 548 1 485 1 36 1 321 1 376 1 4 2 47 1 297 1 617 2 550 1 480 2 488 1 540 2 75 1 364 1 432 2 729 1 575 1 369 1 742 1 499 1 574 2 741 2 603 1 445 2 632 1 768 1 534 2 791 1 802 1 345 1
8 2 35 687 2 564 1 439 2 78 1 92 1 790 1 555 1 503 1 595 1 681 2 69 1 74 1 406 1 121 1 906 1 552 1 381 1 319 1 72 1 392 4 32 1 61 1 181 2 514 1 490 1 688 1 346 1 531 1 410 1 579 1 112 1 404 1 868 1 759 1 501 1
9 3 40 562 3 784 1 366 2 2 1 19 1 570 1 122 2 48 1 115 1 257 1 451 2 46 1 421 3 556 1 492 1 820 1 664 2 661 2 255 1 254 1 522 2 326 1 481 2 444 1 322 1 471 1 716 1 186 1 434 1 83 1 373 1 572 1 14 1 385 1 6 1 408 7 367 1 416 3 505 1 715 2
10 3 32 378 1 413 2 103 1 172 2 766 1 113 1 422 6 5 1 781 2 513 1 386 1 592 1 491 2 256 1 399 3 446 1 371 2 331 4 512 1 752 1 194 1 573 1 751 1 782 1 578 3 638 1 448 2 709 6 652 1 455 1 831 1 3 1
11 3 39 55 1 449 3 582 2 539 1 616 2 650 1 721 1 614 1 433 2 79 1 902 1 598 2 164 1 786 2 344 1 70 1 442 1 334 1 168 1 635 1 722 1 350 1 397 6 745 1 710 1 775 1 396 2 95 2 435 1 875 1 697 2 666 1 387 1 529 3 394 1 758 3 708 1 7 1 523 1
12 3 32 510 2 50 1 347 1 53 3 577 2 191 1 77 2 702 2 479 3 613 2 67 2 476 2 461 2 887 1 518 1 111 2 272 1 769 2 8 1 517 6 538 1 38 1 557 5 534 1 723 2 351 3 845 2 743 1 56 1 398 1 389 1 563 3
//IdTournes NbColis
3 6
//IdColis IdCommandeInColis NbProducts IdProd1 QtyProd1 IdProd2 QtyProd2 ...
13 3 31 343 1 840 1 35 1 417 1 644 4 324 1 880 1 90 1 238 1 185 2 124 1 735 1 569 2 447 1 480 1 154 1 815 1 75 1 364 3 432 2 502 2 356 2 742 1 574 3 106 3 641 2 693 1 791 1 16 1 188 1 20 2
14 3 34 388 3 903 1 405 1 634 1 439 3 78 1 667 3 236 1 732 2 333 1 555 1 503 2 595 2 681 1 406 1 551 1 553 2 23 2 374 3 381 1 392 1 547 3 746 1 39 2 653 1 603 1 29 1 514 3 500 4 425 3 531 1 116 1 596 3 521 4
15 3 8 31 1 864 2 328 1 740 2 549 1 501 4 504 2 545 1
16 4 43 105 2 71 2 368 1 234 1 193 1 183 1 714 2 13 1 76 1 126 1 702 2 80 1 120 1 419 2 45 1 26 1 497 1 423 1 65 1 476 1 444 1 461 1 736 1 482 1 453 1 43 1 533 1 111 1 474 1 773 1 59 1 335 2 541 1 73 1 434 2 571 1 373 1 842 1 624 1 165 2 538 1 517 1 101 3
17 4 40 738 1 159 1 122 3 115 2 227 1 22 1 53 1 750 1 556 1 820 1 81 1 30 1 157 1 567 1 491 1 237 1 399 2 446 3 124 1 331 2 336 1 752 1 947 1 411 2 628 2 448 1 167 1 106 3 632 1 9 1 652 2 534 2 455 1 93 1 12 1 398 1 416 1 525 1 389 2 495 1
18 4 47 109 1 413 2 388 3 163 1 103 1 15 1 449 2 754 2 526 1 235 1 417 1 428 1 184 1 224 1 422 2 467 2 734 1 513 3 386 1 821 1 561 1 786 1 10 1 253 1 52 2 60 2 447 1 617 2 350 1 397 1 544 1 733 1 875 1 91 1 445 1 500 2 394 1 531 2 189 1 708 1 116 1 410 1 596 1 521 2 188 1 523 1 3 2
//IdTournes NbColis
4 6
//IdColis IdCommandeInColis NbProducts IdProd1 QtyProd1 IdProd2 QtyProd2 ...
19 4 38 424 3 33 1 658 1 236 1 732 2 614 1 457 1 433 1 498 1 390 1 598 1 833 1 406 3 442 2 629 1 825 1 635 1 762 1 18 1 469 1 95 1 319 1 68 1 392 1 547 1 581 1 229 2 21 1 520 1 199 1 594 1 798 1 656 1 537 1 893 1 56 1 501 2 504 2
20 5 41 352 1 738 2 71 2 204 1 34 1 366 1 19 1 122 2 327 1 115 2 647 3 451 1 788 1 421 1 76 1 80 1 822 1 809 1 683 1 141 1 705 3 338 2 326 2 725 1 444 4 686 2 114 1 315 1 186 2 355 2 373 2 757 1 427 3 689 1 408 1 673 1 375 2 416 2 505 1 859 1 783 1
21 5 39 602 1 766 1 962 1 66 1 386 1 102 1 399 3 87 1 657 1 318 1 660 1 168 2 515 1 397 2 745 1 350 3 411 1 431 2 516 1 710 2 578 1 54 1 628 4 535 1 638 2 448 1 709 1 63 1 591 1 91 2 9 2 394 1 455 1 187 1 7 1 525 2 523 1 621 1 3 3
22 5 33 449 5 428 1 539 1 519 1 224 1 479 1 28 1 613 1 120 2 721 1 737 1 433 1 565 1 390 4 598 1 833 1 542 2 473 1 720 1 358 1 615 1 18 2 64 1 396 2 429 1 229 1 40 1 402 5 84 1 199 1 409 1 477 2 85 1
23 5 31 384 2 158 1 159 1 643 1 49 2 50 2 53 3 359 1 577 3 644 2 463 1 376 1 59 1 507 1 272 1 905 1 558 1 624 4 165 1 499 2 418 1 682 1 517 6 101 4 671 1 803 3 351 1 398 2 389 1 563 1 382 2
24 5 36 35 1 25 1 388 3 564 1 963 1 117 1 785 1 336 1 617 1 480 1 540 2 369 2 742 1 675 1 574 2 106 3 296 1 445 1 632 1 500 4 693 1 881 1 246 1 425 1 346 1 403 1 531 1 116 1 410 1 175 3 596 2 16 1 345 1 521 5 27 2 464 1
//IdTournes NbColis
5 6
//IdColis IdCommandeInColis NbProducts IdProd1 QtyProd1 IdProd2 QtyProd2 ...
25 5 27 580 1 439 1 317 1 198 1 713 1 424 1 790 1 667 1 732 1 503 1 551 2 553 3 23 3 762 2 469 1 200 1 319 1 392 1 547 2 61 1 746 1 39 1 31 1 695 1 759 1 501 1 504 1
26 6 53 478 1 51 1 193 1 100 1 126 1 415 1 700 1 108 1 412 1 566 1 476 1 481 1 444 2 119 1 776 1 473 2 720 1 471 1 590 1 468 1 426 1 612 1 624 1 385 2 517 3 689 1 6 1 86 1 325 1 408 3 557 1 673 1 414 1 93 1 398 2 389 1 627 2 587 1 510 1 50 2 122 1 46 1 701 1 664 1 30 1 705 1 338 2 567 1 88 1 124 1 376 1 336 1 576 1
27 6 49 378 1 363 1 568 1 103 1 129 1 417 1 513 1 447 1 617 1 745 1 400 1 733 1 706 1 502 1 63 1 500 1 7 1 596 1 521 1 621 1 554 1 428 1 439 1 519 1 614 1 433 1 390 1 118 2 551 1 560 1 23 1 635 1 18 1 97 1 11 1 751 1 432 1 95 1 319 1 369 1 392 1 106 2 125 1 455 1 694 1 12 1 791 1 3 2 20 1
28 6 13 547 1 229 1 40 2 61 1 123 1 746 1 407 1 39 1 514 1 586 1 740 2 56 1 545 1
29 7 49 205 1 204 1 483 1 191 1 126 1 201 1 613 3 543 1 67 1 423 1 473 1 182 1 453 1 43 1 518 1 728 1 620 2 590 1 773 1 434 1 176 1 624 1 385 2 517 1 96 1 325 1 855 1 408 2 557 1 534 1 563 1 715 1 382 1 627 1 562 1 158 1 577 2 644 2 173 1 197 1 567 1 391 1 446 2 515 3 480 2 411 1 601 1 628 1 593 1
30 7 46 109 1 840 1 343 2 378 1 413 2 128 1 380 1 172 1 582 2 133 1 417 1 554 2 527 1 113 1 912 1 324 1 99 1 422 1 117 1 698 1 168 1 722 1 617 1 350 1 397 2 37 1 134 1 54 1 167 1 448 2 529 1 450 1 641 1 9 2 143 1 149 1 466 1 531 2 853 1 579 1 345 1 521 2 523 2 621 1 3 2 20 1
//IdTournes NbColis
6 6
//IdColis IdCommandeInColis NbProducts IdProd1 QtyProd1 IdProd2 QtyProd2 ...
31 7 29 713 1 424 1 458 3 530 1 614 1 79 1 503 1 390 1 69 1 551 1 406 1 442 2 560 1 23 1 374 2 200 1 95 1 68 1 547 2 666 1 229 1 40 1 61 1 21 1 39 1 490 1 409 1 404 1 501 1
32 8 50 205 1 71 1 191 1 509 1 702 2 412 1 496 1 623 2 481 1 182 1 43 2 471 2 518 1 533 3 615 1 484 1 620 1 773 1 335 1 610 1 186 1 434 2 558 1 355 1 612 1 624 1 165 1 517 2 6 1 38 1 96 1 177 1 408 1 93 1 803 1 130 2 845 1 389 2 563 1 384 1 562 1 158 1 159 1 115 1 456 1 53 1 82 1 472 1 511 2 171 1
33 8 52 343 1 378 1 413 1 731 1 129 1 766 2 58 1 486 1 485 1 513 1 735 1 622 2 52 1 617 1 350 2 397 1 54 1 502 1 435 1 535 1 387 1 574 1 195 1 529 2 138 1 91 1 500 2 556 1 492 1 506 1 463 1 548 2 683 2 705 1 88 1 446 1 515 1 480 1 512 1 411 1 540 1 576 2 369 1 628 3 167 2 709 2 106 1 450 1 155 1 455 1 187 1 3 1
34 8 45 465 1 128 1 15 1 449 2 526 1 564 1 144 1 580 1 582 2 78 1 92 1 424 1 458 3 530 1 333 2 433 1 79 1 406 1 553 2 334 1 635 1 699 3 552 1 169 1 377 1 95 1 396 2 697 1 547 3 666 1 581 1 402 1 839 2 425 1 403 1 409 1 531 1 31 1 410 1 596 1 579 1 404 1 621 1 179 1 501 1
35 9 45 342 1 384 1 71 2 34 1 50 2 122 1 327 2 183 1 577 1 191 1 750 2 556 1 492 1 718 2 644 1 679 2 711 2 148 1 548 1 326 2 481 1 444 1 119 1 114 1 473 1 471 1 799 1 716 1 827 1 541 1 507 1 186 1 165 1 572 1 499 1 517 5 101 1 6 1 557 1 348 1 534 1 416 1 495 1 563 2 715 2
36 9 48 401 4 413 4 353 1 103 1 659 1 184 1 113 2 337 1 58 1 422 1 117 1 157 1 600 1 170 1 338 1 522 1 567 1 592 1 132 1 399 1 446 2 10 1 339 1 528 1 618 1 379 1 168 1 447 1 154 1 397 1 411 1 54 1 502 3 601 1 628 1 435 1 452 1 387 1 638 1 574 1 167 1 448 3 195 2 529 2 106 2 450 1 632 1 3 2
//IdTournes NbColis
7 6
//IdColis IdCommandeInColis NbProducts IdProd1 QtyProd1 IdProd2 QtyProd2 ...
37 9 41 687 1 449 2 196 1 380 1 640 1 439 1 539 2 554 3 198 1 713 1 180 1 424 1 433 1 555 1 390 1 74 1 442 2 136 1 334 1 381 1 396 2 392 2 181 1 202 1 137 1 145 2 445 1 514 1 199 1 520 1 346 1 758 2 409 1 477 1 116 1 586 1 596 2 328 1 621 1 676 1 545 2
38 10 49 483 1 475 2 24 1 162 1 479 1 412 3 685 1 45 1 604 1 444 1 119 1 542 1 178 1 471 1 533 1 728 1 716 1 773 1 474 1 335 2 536 1 73 2 624 1 517 3 101 4 38 1 348 1 534 1 563 1 738 1 587 1 122 1 53 1 421 1 147 1 170 1 522 1 665 1 686 1 446 1 370 1 512 1 760 1 729 1 628 1 369 1 638 2 106 1 693 1
39 10 48 401 2 413 1 128 1 388 1 754 2 449 1 139 1 564 1 640 1 405 1 554 2 383 1 372 1 422 2 713 1 667 2 33 1 734 1 467 1 513 1 386 1 592 1 164 1 786 1 42 1 52 1 528 1 569 1 134 1 710 1 706 1 502 1 559 1 195 2 138 1 500 2 758 1 780 1 652 1 174 1 116 1 410 3 175 1 166 1 596 1 579 1 521 2 3 2
40 10 22 358 1 469 1 153 1 95 1 392 1 61 1 123 1 181 1 721 1 530 2 514 1 732 1 555 1 433 1 595 1 551 1 406 1 70 1 442 1 537 1 553 1 501 3
41 11 45 562 1 71 1 142 1 193 2 183 1 651 1 556 1 644 2 162 1 148 1 522 1 705 1 185 1 481 1 399 1 446 1 114 1 597 1 43 1 615 1 515 2 335 1 646 1 541 1 370 1 507 1 154 1 194 1 411 2 355 1 628 1 612 1 624 2 757 2 499 1 517 2 101 1 106 2 741 1 38 2 96 1 414 1 16 1 398 1 715 2
42 11 49 378 1 413 2 602 1 146 1 163 1 417 1 184 1 131 1 113 2 190 1 117 2 778 1 684 1 660 2 168 1 722 1 617 1 397 2 400 1 192 1 502 1 156 1 452 1 574 1 195 1 500 2 189 1 531 1 708 1 116 1 410 1 521 2 687 1 754 1 582 3 439 1 650 2 424 1 703 1 33 1 658 1 530 1 79 1 595 2 833 1 551 2 152 1 188 1 3 2
//IdTournes NbColis
8 6
//IdColis IdCommandeInColis NbProducts IdProd1 QtyProd1 IdProd2 QtyProd2 ...
43 11 17 635 1 396 2 68 1 677 1 666 1 61 1 402 1 21 1 145 1 514 2 490 2 520 1 586 1 442 2 135 1 334 2 501 1
44 12 42 105 2 205 1 562 2 204 1 49 1 50 1 122 1 193 1 126 2 80 1 412 1 613 1 661 1 685 1 623 1 141 1 566 1 476 1 481 1 444 2 518 1 533 1 615 3 728 1 670 1 335 1 649 1 160 1 624 1 572 3 427 1 682 1 517 4 101 1 357 1 414 1 626 1 130 1 505 1 563 1 715 2 783 1
45 12 47 378 1 413 1 602 1 146 1 347 1 451 1 46 1 151 1 577 2 651 1 556 2 77 2 644 2 506 1 463 3 701 1 150 1 522 1 705 1 513 1 567 1 777 1 88 1 686 1 399 2 446 1 344 1 735 1 622 1 376 1 617 1 480 1 350 1 397 1 411 3 140 1 431 1 775 1 733 1 535 1 593 2 448 1 591 1 450 1 632 1 175 1 3 2
46 12 37 465 1 128 1 687 1 15 2 449 1 857 1 754 2 539 1 616 1 554 3 519 1 92 1 458 3 721 1 433 1 498 1 161 1 553 1 635 1 762 1 18 1 200 1 381 1 396 1 392 1 452 1 402 2 529 2 39 1 445 1 648 2 490 1 860 1 203 1 135 1 56 1 545 1
47 13 46 784 1 71 1 478 1 50 1 122 1 230 1 475 1 347 1 193 1 655 1 46 1 53 1 421 1 191 1 750 1 412 1 664 3 67 1 679 1 566 1 423 1 444 1 736 1 619 1 720 1 471 1 518 1 484 1 111 1 474 2 753 1 489 1 434 1 426 2 373 1 624 1 517 4 101 3 6 1 38 1 96 2 557 1 430 1 93 1 351 2 715 1
48 13 46 388 3 233 1 422 1 117 1 338 1 522 1 513 1 185 1 132 1 218 1 446 1 10 1 344 1 597 1 618 1 660 1 168 1 209 1 447 1 207 1 617 2 480 2 512 1 397 2 432 1 751 1 452 2 387 2 89 1 574 1 167 1 106 3 125 1 445 1 500 1 220 1 652 1 531 1 116 1 410 1 596 1 636 1 16 1 525 1 621 1 3 2
//IdTournes NbColis
9 6
//IdColis IdCommandeInColis NbProducts IdProd1 QtyProd1 IdProd2 QtyProd2 ...
49 13 30 687 1 704 1 524 3 439 2 616 1 519 1 210 1 790 1 17 1 658 1 44 1 433 1 79 1 390 1 681 1 551 1 553 2 629 1 334 1 18 1 469 1 231 1 396 1 392 1 666 1 39 1 393 1 501 1 504 1 759 1
50 14 45 342 1 483 1 475 2 655 2 183 1 700 1 718 1 108 1 509 1 479 1 412 1 613 2 565 1 26 1 326 2 444 2 461 1 471 2 206 1 533 1 111 1 474 1 335 3 507 2 536 1 610 2 434 2 571 2 624 3 757 1 165 2 499 1 427 2 517 2 96 2 357 1 408 1 557 1 534 2 717 1 351 1 398 1 416 1 505 2 382 1
51 14 46 627 1 562 1 784 1 109 1 378 3 34 2 587 1 643 1 227 1 347 1 53 3 421 1 577 3 750 1 492 1 701 2 664 1 148 1 522 1 567 1 185 2 237 1 132 1 599 1 686 1 399 3 376 1 331 1 480 1 512 1 752 1 573 1 516 2 760 2 364 1 369 1 601 1 628 1 448 1 106 3 632 1 525 1 563 1 715 2 3 1 20 1
52 14 49 401 1 413 1 35 1 103 1 731 1 172 1 383 1 58 1 422 1 190 2 734 1 513 1 684 1 386 1 344 1 42 2 618 1 698 1 660 1 447 1 617 1 397 1 431 1 400 1 37 1 362 1 710 1 706 1 575 3 435 1 535 1 559 2 452 2 529 1 603 1 648 1 425 1 531 3 116 1 596 2 579 1 521 3 523 1 388 1 687 2 15 1 449 4 380 1 564 1
53 14 44 144 1 405 1 524 1 582 2 439 2 616 1 554 3 667 1 424 1 703 1 236 1 606 1 457 1 433 1 498 1 503 2 595 1 390 4 681 1 69 1 406 2 551 2 553 1 629 1 560 1 136 1 334 1 532 1 396 1 429 1 677 1 392 2 229 1 666 3 581 1 40 1 61 1 402 3 746 3 39 1 145 1 514 1 409 1 864 1
54 14 7 662 1 695 1 549 1 501 2 504 1 545 1 824 1
//IdTournes NbColis
10 6
//IdColis IdCommandeInColis NbProducts IdProd1 QtyProd1 IdProd2 QtyProd2 ...
55 15 50 76 1 126 1 479 3 120 1 232 1 226 1 566 1 444 1 119 2 461 2 473 2 43 1 471 1 533 2 615 3 716 1 620 1 335 1 507 1 426 1 571 1 624 2 517 1 96 1 557 1 130 1 389 1 563 2 715 2 562 1 738 1 122 2 456 2 46 1 53 1 577 2 556 1 701 1 664 2 81 1 148 1 522 1 391 1 567 1 185 1 665 1 686 1 376 1 540 1 573 2
56 15 45 388 1 687 2 449 2 508 1 526 2 172 1 524 1 582 2 184 1 912 1 117 2 386 2 561 1 217 1 528 1 569 1 660 1 617 2 550 1 745 1 516 1 364 1 709 1 529 2 106 1 138 1 450 1 500 2 9 2 780 1 403 1 189 1 708 1 455 1 174 1 116 2 410 1 12 1 802 1 863 1 521 2 525 1 621 1 464 1 3 2
57 15 35 539 2 554 1 224 1 424 1 33 1 658 1 614 1 44 1 503 2 390 1 69 2 74 1 406 1 551 2 442 1 922 1 560 1 553 1 532 1 699 1 396 1 429 1 68 1 40 1 123 1 181 1 29 1 514 2 490 2 520 1 459 1 740 1 723 1 537 1 545 1
58 16 46 105 1 342 1 562 2 71 1 587 1 643 1 50 1 122 1 193 1 53 1 420 1 421 2 577 1 76 1 718 1 644 1 108 1 479 1 820 1 440 1 822 1 423 1 326 1 481 1 542 1 114 1 720 1 453 1 471 2 484 1 474 1 541 1 610 2 468 1 624 1 572 1 223 1 385 2 517 3 101 2 557 1 414 2 803 1 767 1 130 1 398 1
59 16 42 146 1 324 1 211 1 99 1 422 3 454 1 486 2 467 1 148 1 548 1 513 1 567 1 821 1 686 1 10 1 344 1 669 1 376 1 528 1 618 1 371 1 447 1 336 2 207 1 480 1 397 1 573 3 411 2 815 1 729 1 432 1 628 1 369 1 215 1 106 2 143 1 652 1 175 1 802 1 27 1 525 1 3 2
60 16 46 687 1 388 3 449 2 582 1 539 2 554 1 439 2 212 1 519 1 62 1 92 1 667 2 333 1 79 1 598 2 406 1 442 1 629 1 136 1 825 1 23 1 635 1 358 1 18 1 140 1 400 1 37 1 544 1 134 1 801 1 724 1 362 1 535 1 559 1 435 1 529 2 195 1 445 1 500 1 346 1 531 2 7 1 596 1 951 1 521 2 464 1
//IdTournes NbColis
11 6
//IdColis IdCommandeInColis NbProducts IdProd1 QtyProd1 IdProd2 QtyProd2 ...
61 16 10 145 1 688 1 520 1 200 1 798 3 459 1 547 3 229 1 402 2 501 2
62 17 44 105 1 19 2 475 1 24 1 183 1 126 2 700 1 162 1 479 1 80 1 613 3 543 1 685 2 565 1 497 1 65 1 476 1 119 1 206 1 615 1 799 1 533 1 474 1 609 1 610 1 365 1 558 1 468 1 571 1 624 1 572 1 769 1 385 1 418 3 517 4 689 2 38 2 222 1 325 2 408 1 414 2 534 1 93 1 626 1
63 17 41 627 2 587 1 159 1 643 1 50 2 451 1 796 1 228 1 800 2 77 1 644 1 470 1 219 2 548 1 238 1 683 1 185 2 132 1 686 1 399 1 446 1 597 2 669 1 376 1 379 3 488 1 364 1 751 1 432 2 110 1 369 1 593 1 448 1 462 1 591 1 797 1 654 1 450 1 375 2 416 1 505 3
64 17 35 602 1 146 1 967 1 172 2 527 3 184 1 324 1 734 1 485 1 684 1 592 1 561 1 528 1 569 2 660 4 617 1 397 3 431 1 608 1 213 1 362 1 625 1 54 1 502 3 559 1 435 1 452 2 63 2 648 2 104 1 466 2 436 6 791 1 345 3 3 1
65 17 42 15 1 754 2 380 1 405 1 539 1 616 2 554 1 650 2 530 2 732 1 555 3 457 1 433 1 79 1 595 2 406 3 442 1 392 2 547 2 32 1 402 2 181 1 21 1 145 1 29 1 514 1 490 4 520 2 403 2 531 1 116 2 546 1 662 1 166 1 349 1 740 1 521 3 404 2 549 1 545 1 759 1 501 1
66 18 51 71 1 204 1 234 1 483 1 230 1 214 2 183 1 714 1 191 1 76 1 126 1 719 1 700 1 718 2 702 1 509 1 479 1 818 2 412 3 67 1 679 1 696 2 630 2 913 1 623 2 604 1 497 1 444 2 736 1 542 1 482 1 619 2 43 1 471 1 615 1 533 1 111 2 753 1 541 1 507 1 905 1 186 1 434 2 649 1 624 2 973 1 165 1 418 1 427 1 517 2 689 1
//IdTournes NbColis
12 6
//IdColis IdCommandeInColis NbProducts IdProd1 QtyProd1 IdProd2 QtyProd2 ...
67 18 46 784 1 627 1 366 1 115 1 451 1 645 1 511 1 556 1 463 1 548 3 494 1 705 1 725 1 491 1 88 1 399 2 446 3 597 1 339 1 376 1 371 2 370 1 480 2 512 1 411 2 573 1 576 1 540 3 760 2 432 2 578 1 628 1 369 1 638 1 167 1 448 2 797 1 641 3 325 1 673 1 557 1 717 1 437 1 964 1 416 2 563 2
68 18 49 602 1 343 1 401 1 146 1 814 1 568 1 235 1 807 1 659 1 962 1 422 2 781 2 734 1 117 2 684 1 592 2 10 1 208 2 618 1 569 1 447 1 397 1 362 1 225 1 575 1 502 1 535 2 435 1 607 1 89 1 529 2 445 1 648 1 394 2 830 1 425 1 531 2 174 1 116 2 7 1 596 1 521 2 143 1 832 1 652 2 104 1 802 1 188 1 3 2
69 18 43 293 1 449 1 196 1 139 1 564 1 380 2 216 1 144 1 405 1 582 1 539 2 554 3 439 1 78 1 92 1 667 1 424 1 44 1 555 3 595 3 161 1 598 1 221 1 833 1 406 1 793 1 635 1 374 1 11 1 64 1 396 1 68 1 697 1 547 1 402 1 39 1 29 1 409 1 740 2 893 1 621 1 464 1 819 2
70 19 43 443 1 627 1 71 1 204 1 122 2 115 1 193 1 24 2 589 1 191 1 415 2 700 1 509 1 80 1 255 2 623 1 604 1 566 2 444 2 482 1 182 1 518 1 590 1 484 1 474 2 107 1 769 2 427 2 517 2 101 2 38 1 325 1 250 1 357 1 557 1 717 1 849 1 130 1 743 1 240 1 398 1 382 1 715 1
71 19 52 378 1 401 2 413 2 659 1 422 3 781 1 467 1 117 2 778 1 513 1 672 1 786 1 735 1 569 1 617 1 397 1 745 1 192 1 54 2 502 1 53 1 359 1 421 1 577 2 701 1 822 1 522 1 705 1 968 1 974 1 567 1 185 2 132 1 218 1 599 1 446 1 376 1 336 1 512 1 752 1 364 1 601 1 215 1 167 1 106 2 741 1 797 1 12 1 175 1 525 1 188 1 3 2
72 19 43 813 1 380 1 405 1 582 1 439 1 554 1 519 1 667 1 424 1 33 1 530 1 433 1 681 2 406 1 442 1 553 2 358 2 374 1 552 3 64 1 95 1 435 3 68 1 392 1 607 1 229 1 61 1 402 1 123 1 574 2 603 3 500 1 394 1 252 1 403 1 708 1 410 1 7 1 166 1 596 1 349 1 521 2 179 1
//IdTournes NbColis
13 6
//IdColis IdCommandeInColis NbProducts IdProd1 QtyProd1 IdProd2 QtyProd2 ...
73 19 8 520 1 31 1 393 1 328 2 459 1 501 2 504 1 545 1
74 20 43 105 1 342 1 784 1 443 1 627 2 71 1 98 1 234 1 158 1 643 1 475 1 327 1 108 1 479 1 412 1 255 1 630 1 141 1 326 2 481 1 776 1 471 1 728 1 615 2 590 1 484 1 59 1 186 1 426 1 769 1 385 2 639 2 517 2 689 2 177 2 408 1 534 1 130 1 487 1 398 2 505 3 389 1 715 2
75 20 42 49 1 122 1 115 1 227 1 647 1 577 2 556 1 644 2 147 1 701 1 600 1 522 1 948 1 197 1 491 1 686 1 399 1 597 2 331 2 480 2 194 1 573 1 411 1 364 1 578 1 601 2 628 1 369 2 742 1 709 2 106 1 591 1 641 4 450 1 143 1 155 1 149 1 104 1 187 1 345 2 525 3 831 1
76 20 42 413 1 378 2 388 4 103 1 526 1 640 1 383 1 337 1 880 1 486 1 117 2 778 1 386 3 786 2 10 1 253 1 829 1 785 1 617 2 550 1 397 2 431 2 134 1 362 1 54 1 502 1 435 3 607 1 387 1 574 1 500 1 220 1 780 1 410 1 579 2 596 2 166 1 521 1 621 1 258 1 3 1 20 2
77 20 37 144 1 582 1 428 1 616 1 554 1 439 1 790 1 721 1 530 1 236 1 433 1 69 1 70 1 553 1 629 1 560 1 334 1 121 1 699 1 552 1 241 1 64 1 381 1 886 1 396 3 68 1 392 2 547 1 666 1 581 2 746 1 245 2 145 1 31 1 759 1 501 2 504 1
78 21 36 352 1 204 1 885 1 475 1 24 2 126 1 509 1 818 2 419 2 679 1 685 1 696 2 630 1 254 1 604 1 481 2 119 1 542 1 533 1 484 1 827 1 670 1 474 4 335 1 610 3 107 3 558 2 572 2 239 1 427 1 517 3 247 1 6 1 38 1 86 1 96 1
//IdTournes NbColis
14 6
//IdColis IdCommandeInColis NbProducts IdProd1 QtyProd1 IdProd2 QtyProd2 ...
79 21 43 443 1 627 1 562 2 34 1 643 1 49 1 50 2 647 2 645 1 53 2 82 1 421 3 796 1 800 1 556 1 147 1 701 1 157 1 170 1 567 1 777 1 399 3 446 2 321 1 376 1 515 1 336 1 370 1 480 2 512 1 573 1 97 1 760 1 432 2 325 2 357 1 673 1 414 1 487 1 416 2 389 2 248 1 783 1
80 21 42 343 1 814 1 807 1 249 1 659 1 417 1 184 1 383 1 113 1 337 2 422 4 781 1 190 1 734 1 117 1 684 1 592 1 386 1 786 1 622 2 618 2 660 2 722 1 397 1 745 2 751 1 782 1 628 2 369 1 167 2 709 1 741 2 797 1 9 1 246 1 149 1 251 1 694 1 175 1 345 2 525 2 3 2
81 21 39 128 2 687 2 388 3 449 1 754 1 704 1 640 2 582 4 554 1 439 2 317 1 372 1 198 1 713 2 424 2 790 1 703 1 667 1 362 1 502 1 559 3 435 3 452 2 607 2 387 1 653 1 603 2 260 1 648 1 394 1 881 1 425 1 708 1 531 3 116 1 853 1 329 1 521 2 523 1
82 21 31 236 1 732 1 614 1 457 1 433 1 681 1 833 1 560 1 635 1 850 1 374 1 153 1 377 1 396 1 319 1 697 1 666 1 581 1 402 4 746 1 202 1 145 1 514 2 688 1 409 1 594 1 586 1 135 1 893 1 819 2 501 1
83 22 48 205 1 342 1 352 1 478 1 475 1 244 1 257 1 193 1 76 1 415 1 479 1 412 3 679 2 685 1 26 1 566 1 65 1 444 1 119 2 736 1 182 1 720 1 43 1 471 1 533 2 590 1 59 1 541 1 536 1 73 1 434 1 558 2 468 1 571 1 624 4 165 2 769 1 418 1 517 3 6 1 38 1 222 1 96 1 408 5 357 1 557 1 367 1 130 1
84 22 33 562 2 443 1 627 1 587 1 588 1 142 1 347 1 46 1 577 2 644 4 664 3 157 2 197 1 665 2 185 1 669 1 376 1 194 1 411 1 573 3 628 1 709 1 448 5 167 1 106 3 641 1 632 1 251 1 694 1 175 1 743 1 416 1 563 3
//IdTournes NbColis
15 6
//IdColis IdCommandeInColis NbProducts IdProd1 QtyProd1 IdProd2 QtyProd2 ...
85 22 42 413 2 343 1 378 1 388 3 754 2 449 2 235 1 564 1 640 2 380 3 144 1 405 1 172 1 582 4 131 1 66 2 734 1 778 1 485 2 513 4 660 1 168 1 207 1 617 4 397 1 431 1 544 1 710 1 775 1 625 1 502 2 730 1 574 1 529 1 394 1 116 2 579 2 349 1 521 1 525 2 621 1 20 1
86 22 34 554 3 519 1 424 1 259 1 530 1 606 1 498 1 390 2 406 1 70 1 442 2 629 1 136 1 635 1 469 1 200 1 396 1 429 1 95 2 68 1 392 2 547 2 32 1 229 1 40 1 61 1 402 2 123 1 39 1 514 1 409 2 586 1 695 1 549 1
87 23 42 105 2 342 1 885 1 475 1 193 1 183 1 191 2 80 1 412 2 661 1 679 1 226 1 604 1 808 1 566 1 326 2 423 1 481 2 461 1 114 1 720 1 471 2 533 2 620 1 111 1 474 2 489 1 541 2 507 1 340 1 610 2 186 1 434 1 571 1 160 1 624 1 165 1 385 1 418 1 427 1 517 4 101 2
88 23 47 443 1 562 1 738 2 413 4 34 1 811 1 115 1 46 1 421 1 750 1 556 1 664 1 711 1 219 1 705 2 185 2 237 1 132 1 88 1 599 1 686 1 399 1 446 2 597 1 379 1 331 1 573 2 97 2 364 1 432 1 369 2 628 1 448 4 106 1 591 1 652 1 104 1 414 1 534 2 694 1 375 1 626 1 175 1 351 1 743 1 188 1 3 2
89 23 44 602 1 146 1 388 2 103 1 731 1 564 2 680 1 524 1 417 1 539 1 554 1 184 1 113 1 337 2 58 1 422 3 66 1 781 1 778 1 513 2 592 2 256 1 344 2 735 1 618 1 660 2 209 1 447 1 397 3 431 1 362 1 54 2 575 1 452 2 574 2 529 2 195 1 603 1 648 2 500 1 531 3 410 1 596 2 521 3
90 23 36 616 2 210 1 667 1 17 1 44 1 457 1 433 1 555 1 390 1 598 1 833 3 551 2 442 2 922 1 553 1 136 2 668 1 334 3 762 2 552 1 953 1 396 1 605 1 68 1 697 2 547 2 40 1 61 1 402 1 746 1 39 2 409 2 393 1 594 1 545 1 759 1
//IdTournes NbColis
16 6
//IdColis IdCommandeInColis NbProducts IdProd1 QtyProd1 IdProd2 QtyProd2 ...
91 24 47 738 2 885 3 475 1 862 1 327 1 115 1 421 1 674 4 817 1 76 2 556 1 719 1 496 1 711 1 30 1 566 2 423 1 491 1 725 1 481 2 88 1 686 1 736 1 399 4 178 1 619 1 182 1 471 1 533 1 512 1 411 1 573 2 186 1 760 2 355 1 373 2 757 2 572 1 427 1 748 1 96 1 357 3 408 2 93 1 375 1 130 2 416 2
92 24 44 413 4 378 1 449 1 640 1 680 2 582 2 539 1 616 1 519 1 113 1 422 2 66 1 530 1 433 1 457 2 513 1 684 1 592 1 256 1 598 1 833 1 442 2 622 1 560 1 208 1 42 1 761 1 660 1 722 1 207 1 397 1 350 1 431 2 710 1 54 1 435 1 730 1 559 1 448 5 143 1 243 1 853 1 636 1 3 2
93 24 44 205 2 510 1 49 1 655 1 53 2 100 2 577 1 509 1 630 1 542 1 799 1 484 1 670 3 111 2 59 1 646 2 953 1 905 1 468 1 396 1 429 1 95 1 624 1 402 2 499 1 769 2 682 2 517 4 639 1 101 1 520 1 325 3 409 1 557 1 866 1 586 1 203 1 534 1 85 1 803 2 893 1 351 1 819 1 389 1
94 24 52 337 2 211 1 734 1 467 1 747 1 485 1 735 1 618 1 447 1 75 1 195 1 653 2 531 1 116 1 596 1 579 1 521 3 465 1 388 4 754 3 704 1 139 1 216 1 524 1 439 1 92 1 506 1 463 1 713 1 424 1 790 1 667 1 548 1 732 2 238 1 555 3 498 1 744 1 567 1 132 1 681 2 69 2 406 3 321 1 336 1 154 1 816 1 729 1 215 1 106 1 632 1 641 1
95 24 8 23 2 381 1 242 2 551 1 740 1 32 1 501 1 504 1
96 25 39 105 1 352 2 738 1 71 1 366 3 475 1 115 1 456 2 655 1 589 1 183 1 421 1 126 1 479 1 419 2 26 1 141 1 481 1 114 1 482 1 518 1 620 1 489 1 272 1 610 3 186 1 434 3 176 1 558 1 160 1 572 1 499 1 769 1 517 4 101 1 348 1 437 1 351 1 563 2
//IdTournes NbColis
17 6
//IdColis IdCommandeInColis NbProducts IdProd1 QtyProd1 IdProd2 QtyProd2 ...
97 25 50 343 2 413 2 602 1 35 1 163 1 129 1 417 1 94 1 113 1 422 1 485 1 10 1 735 1 42 2 618 1 617 2 225 1 502 1 733 1 435 1 452 1 607 1 63 1 195 1 529 2 445 1 500 2 644 1 548 1 157 1 683 2 391 1 567 2 599 1 597 1 371 1 515 1 480 1 512 1 411 1 97 1 516 1 628 1 448 1 106 2 797 1 104 1 707 1 175 1 3 2
98 25 39 293 1 903 1 687 1 449 1 754 1 439 1 539 1 713 1 17 1 33 1 458 1 902 1 595 1 598 1 221 1 118 1 406 1 553 1 560 1 23 2 396 1 429 1 95 1 392 1 229 1 40 2 123 1 137 1 199 2 394 2 881 1 409 1 7 1 596 1 951 1 404 1 523 1 56 1 504 1
99 26 47 105 2 342 1 368 1 204 1 193 1 674 1 817 1 412 1 613 1 661 1 255 1 395 1 565 1 141 1 566 1 444 1 542 1 736 1 482 1 720 1 799 1 590 1 773 1 753 1 541 1 610 1 186 1 73 1 355 1 373 1 624 2 712 1 165 1 572 1 499 1 418 1 427 1 517 3 101 2 671 1 6 1 325 1 408 2 673 1 437 1 803 1 505 2
100 26 43 443 1 627 1 847 1 562 1 784 1 738 1 34 1 98 1 158 1 159 1 49 1 122 1 647 1 53 2 651 1 800 1 701 1 822 1 548 3 338 1 522 1 237 1 102 1 446 3 669 1 336 1 154 1 411 3 488 1 573 1 516 1 97 1 751 1 782 1 628 3 638 1 709 2 106 2 741 1 591 1 450 1 175 2 389 1
101 26 50 378 1 363 1 103 1 508 1 267 1 417 1 527 2 422 1 880 1 778 2 672 1 42 1 617 1 350 2 397 2 745 1 134 1 54 2 502 1 706 1 575 1 435 1 559 1 675 1 574 1 529 2 603 1 648 1 220 1 881 1 346 1 425 1 780 1 531 1 189 1 116 2 410 1 521 1 523 1 464 1 888 1 813 1 196 1 637 1 582 1 539 1 519 1 791 1 187 1 3 2
102 26 34 264 1 224 1 458 1 530 1 606 1 737 2 236 1 732 1 614 1 333 1 598 1 69 1 442 1 334 1 358 1 846 1 263 1 699 1 552 2 200 1 241 1 396 2 392 1 697 1 547 1 32 1 40 1 402 2 746 1 39 1 490 1 688 1 546 1 545 1
//IdTournes NbColis
18 6
//IdColis IdCommandeInColis NbProducts IdProd1 QtyProd1 IdProd2 QtyProd2 ...
103 27 35 205 1 204 1 193 1 183 1 420 1 949 1 162 1 661 2 395 1 685 2 771 1 566 1 274 1 619 1 332 3 453 1 518 1 620 1 111 1 59 1 507 1 340 1 610 1 73 1 176 1 160 1 418 1 517 3 101 4 408 2 557 1 437 1 717 1 416 2 389 3
104 27 33 738 1 510 2 50 3 115 1 647 1 53 2 511 3 750 1 171 2 338 3 185 1 237 1 686 1 446 1 321 1 331 2 336 1 370 2 480 2 576 2 578 1 369 1 265 1 448 1 106 3 741 1 797 1 9 1 266 1 832 1 768 1 175 1 525 3
105 27 42 602 1 353 1 363 2 388 4 508 1 731 1 946 1 417 1 766 2 659 1 324 1 58 1 781 1 273 1 592 1 10 1 735 1 320 1 208 1 698 1 660 1 60 1 447 1 207 1 617 1 350 1 400 1 431 1 362 1 733 2 574 1 500 2 252 1 403 2 531 1 189 1 410 1 596 2 579 1 521 3 3 3 20 2
106 27 41 449 1 526 1 564 1 216 1 405 1 680 1 634 1 637 1 524 1 582 2 439 2 539 1 554 1 17 1 737 1 732 1 614 1 333 2 433 1 498 1 595 1 390 2 681 2 598 1 69 1 406 2 374 1 241 1 381 1 396 3 319 1 61 1 8 1 746 1 145 1 514 1 441 1 740 2 537 1 824 1 759 1
107 28 44 738 2 570 1 870 1 115 1 511 2 750 1 718 1 108 1 664 3 496 1 661 3 157 1 338 2 604 1 423 1 237 1 65 2 444 2 686 2 399 2 482 1 178 1 619 3 471 1 728 1 533 1 541 1 186 1 434 5 426 1 355 1 282 2 757 1 872 1 427 1 851 1 96 2 357 2 307 1 375 2 416 2 505 2 715 1 783 2
108 28 40 378 1 401 2 413 1 103 1 172 1 946 1 766 2 184 1 113 1 422 2 386 1 592 1 786 1 10 1 622 2 52 1 271 1 909 1 528 2 761 1 379 1 660 2 168 1 722 1 512 1 397 4 411 1 400 1 516 1 544 2 724 2 435 2 559 1 529 1 591 1 852 1 9 2 652 4 12 1 3 1
//IdTournes NbColis
19 6
//IdColis IdCommandeInColis NbProducts IdProd1 QtyProd1 IdProd2 QtyProd2 ...
109 28 37 268 1 449 3 526 2 640 1 582 1 428 1 539 1 554 2 519 1 224 2 606 1 334 2 358 1 699 3 850 2 18 1 396 4 429 1 697 1 739 1 666 1 402 1 407 1 245 1 260 1 199 1 270 1 394 3 758 2 780 1 243 1 409 2 477 1 586 1 853 1 723 2 621 1
110 28 37 269 1 587 1 869 1 456 3 655 2 214 1 577 1 583 1 644 4 509 2 412 1 771 1 630 2 476 1 897 1 43 1 206 1 615 2 484 1 111 2 773 1 335 2 843 1 468 1 571 2 624 1 165 2 499 1 517 4 557 3 534 2 927 1 803 3 893 1 845 1 389 1 563 2
111 28 40 109 1 35 1 508 1 506 1 701 2 90 1 467 1 486 1 727 1 778 3 485 1 567 3 777 1 185 1 821 1 735 1 321 1 618 2 617 2 154 2 480 2 815 4 432 3 770 1 729 1 625 1 369 1 110 1 607 1 265 1 89 1 653 3 445 1 296 1 500 1 149 1 768 1 531 2 596 1 521 3
112 28 33 128 1 754 2 196 1 405 1 439 3 62 1 713 1 732 1 555 1 503 1 595 2 262 1 161 1 69 1 74 1 551 1 844 1 553 2 23 1 772 3 121 1 381 1 319 1 392 2 547 1 32 1 746 1 514 1 31 1 393 1 464 2 504 3 545 1
113 29 42 475 1 655 1 193 1 420 1 674 1 191 1 76 1 702 1 479 1 162 1 412 1 661 1 419 1 255 1 565 1 623 1 26 2 566 1 65 1 476 1 444 1 897 1 182 1 720 1 43 1 533 3 484 1 474 1 773 1 541 1 335 1 536 1 73 1 434 1 282 1 757 2 624 1 165 2 385 1 427 1 517 2 101 3
114 29 42 562 1 401 1 413 1 602 1 343 1 34 2 98 1 115 1 750 1 556 1 644 2 664 1 463 1 81 1 185 1 446 1 370 1 336 1 815 1 760 1 516 1 369 1 601 1 628 2 709 2 106 2 950 1 632 2 325 4 9 2 756 1 357 1 673 1 557 2 652 3 375 2 240 1 416 1 505 3 27 1 389 1 3 1
//IdTournes NbColis
20 6
//IdColis IdCommandeInColis NbProducts IdProd1 QtyProd1 IdProd2 QtyProd2 ...
115 29 48 35 1 508 1 383 1 113 1 324 1 261 1 422 2 66 1 727 1 117 1 386 1 344 1 622 1 42 1 52 1 217 1 761 1 618 1 569 1 168 1 447 1 550 1 397 1 350 1 192 1 575 1 733 1 435 1 535 1 675 1 607 1 387 1 89 1 529 2 195 1 603 1 445 2 648 1 500 1 270 1 394 2 758 1 531 1 174 2 7 1 596 1 521 2 621 1
116 29 41 388 3 754 1 449 2 526 1 196 1 564 1 640 1 380 1 637 1 439 1 554 2 283 1 78 1 424 1 658 1 721 1 236 1 555 1 955 1 498 1 503 2 390 2 681 1 69 1 551 2 23 1 762 1 200 1 396 2 392 2 697 1 32 1 123 1 8 1 514 3 409 1 85 1 662 2 888 1 501 1 504 2
117 30 32 105 2 204 1 24 1 788 1 420 2 714 2 191 1 80 1 255 2 565 1 566 1 326 2 476 1 444 3 322 1 182 1 720 1 43 1 471 1 507 1 83 1 176 1 571 1 624 2 223 1 517 4 101 4 671 1 38 1 96 1 325 1 408 1
118 30 42 562 2 366 1 588 1 50 2 611 1 53 1 173 1 148 1 338 1 567 1 185 1 88 2 399 1 597 1 669 1 376 1 515 1 336 1 480 1 411 1 573 1 432 1 578 2 628 1 448 2 167 1 106 3 741 1 632 1 9 1 707 1 104 1 694 1 455 2 12 1 175 1 16 1 130 1 743 1 715 1 563 2 3 2
119 30 43 378 1 413 2 602 1 15 2 754 1 731 1 582 3 133 1 417 1 659 1 439 1 554 3 527 2 94 1 131 1 324 1 58 1 190 1 513 1 386 1 786 1 755 1 528 1 618 1 617 1 397 1 362 1 192 1 54 3 502 2 89 1 574 3 529 2 881 1 403 1 531 3 174 1 410 1 7 1 349 1 521 2 523 1 179 1
120 30 24 263 1 18 2 841 1 381 1 392 1 547 2 402 1 123 1 790 1 667 2 8 1 33 1 514 2 732 1 490 3 79 1 503 3 409 1 595 1 551 1 740 2 442 1 135 1 404 1
//IdTournes NbColis
21 6
//IdColis IdCommandeInColis NbProducts IdProd1 QtyProd1 IdProd2 QtyProd2 ...
121 31 36 105 1 475 3 230 1 420 1 13 2 354 1 191 1 718 1 702 2 162 2 412 1 613 2 419 2 67 1 395 1 255 1 254 1 604 1 566 1 444 1 114 1 274 1 720 2 43 1 533 1 716 2 827 1 111 1 335 1 541 2 73 2 434 2 426 1 355 2 571 2 373 2
122 31 44 627 2 562 2 34 1 366 1 50 1 122 1 115 2 577 1 548 1 280 1 683 1 157 1 705 1 567 1 185 1 88 1 399 2 102 1 446 2 597 1 339 1 376 1 321 1 318 1 512 2 160 1 385 3 499 1 769 2 427 1 517 3 101 3 689 1 408 1 557 1 430 1 437 2 375 2 838 1 845 1 416 1 505 3 563 2 715 1
123 31 37 343 1 413 1 840 1 103 1 508 1 235 1 766 1 131 1 324 2 337 2 422 3 99 1 727 1 117 2 786 1 10 1 752 1 411 4 540 2 576 1 573 1 364 2 432 1 751 1 265 1 448 5 106 3 632 2 641 1 9 2 155 1 436 1 345 2 802 1 525 1 3 2 20 1
124 31 38 388 1 687 1 449 2 526 2 380 1 405 1 680 2 634 1 276 1 524 2 539 2 253 1 657 1 528 2 660 2 209 1 350 1 397 3 710 1 502 2 733 1 452 2 387 1 89 2 529 3 603 1 445 1 648 1 500 2 270 1 220 1 758 1 531 3 708 1 410 3 174 1 329 1 521 2
125 31 36 554 1 424 3 790 1 33 2 721 2 530 3 614 1 44 1 433 1 555 1 598 1 221 1 406 1 442 1 553 2 629 1 334 3 635 1 263 1 699 1 762 1 18 1 552 2 381 1 396 2 429 1 319 1 72 1 547 1 402 1 145 3 520 1 31 1 393 1 537 1 545 1
126 32 42 105 2 71 1 483 1 327 1 24 2 214 1 76 1 700 1 509 2 479 1 162 1 120 1 67 1 566 2 281 1 423 1 887 1 533 2 728 1 615 2 484 1 827 1 335 1 541 1 536 1 272 1 365 2 558 1 624 1 385 1 223 2 682 1 517 4 639 1 101 3 250 1 357 1 408 1 534 1 717 1 767 1 803 1
//IdTournes NbColis
22 6
//IdColis IdCommandeInColis NbProducts IdProd1 QtyProd1 IdProd2 QtyProd2 ...
127 32 39 384 1 443 1 738 2 49 2 50 1 647 2 359 1 421 1 577 2 944 1 77 2 81 1 683 3 338 1 170 1 665 2 185 1 132 1 446 1 597 2 515 1 411 1 516 1 760 1 369 1 110 1 448 3 709 1 167 1 106 2 632 1 9 2 155 1 626 1 345 1 826 1 382 1 389 3 3 2
128 32 38 378 1 413 2 438 1 103 1 508 2 267 1 766 1 184 1 324 1 211 1 422 4 99 2 871 1 90 1 117 1 485 1 684 2 561 1 786 1 10 1 622 1 52 1 660 1 916 1 350 1 397 5 431 1 502 1 575 1 225 1 733 2 435 3 278 1 574 1 296 1 852 1 500 1 20 1
129 32 37 903 1 449 5 754 4 941 1 526 2 380 3 680 1 582 2 428 1 439 1 554 2 616 1 210 3 28 1 424 1 658 1 721 1 530 1 732 3 433 1 498 1 503 1 744 1 390 2 161 1 69 1 793 1 442 1 553 1 136 2 346 1 882 1 243 1 531 1 116 1 579 1 521 3
130 32 20 762 1 552 1 241 1 381 2 396 4 605 1 392 3 402 2 8 1 407 2 746 1 202 1 520 1 393 1 404 1 893 1 334 3 501 1 504 1 824 1
131 33 49 352 1 413 1 146 1 163 1 103 1 230 1 24 1 659 1 527 1 415 1 509 2 663 1 99 1 422 1 412 2 613 1 661 1 117 1 65 1 10 1 660 2 474 1 617 1 434 1 502 1 278 1 624 1 418 1 517 2 653 1 408 1 403 1 348 1 636 1 579 1 240 1 505 1 128 1 196 1 456 1 634 1 582 2 283 1 616 1 554 1 556 1 644 1 664 2 458 3
132 33 26 658 1 555 1 279 1 197 1 665 1 442 1 136 1 154 1 573 1 97 1 516 2 392 1 593 2 666 2 265 1 448 2 106 1 104 1 393 1 594 1 546 1 662 1 656 1 525 2 3 2 501 1
//IdTournes NbColis
23 6
//IdColis IdCommandeInColis NbProducts IdProd1 QtyProd1 IdProd2 QtyProd2 ...
133 34 44 562 1 738 2 570 1 475 1 48 1 645 1 511 2 750 2 126 2 719 1 108 1 80 2 820 1 664 7 314 1 661 1 45 1 326 2 423 2 736 1 274 1 114 1 533 1 728 1 474 1 753 2 610 1 434 1 107 1 649 1 355 1 572 3 385 2 427 3 689 2 250 1 673 1 307 1 849 1 375 2 416 2 495 1 715 1 975 1
134 34 25 413 3 146 1 422 9 822 1 338 3 705 2 725 1 686 4 399 2 446 4 318 2 331 4 411 3 573 2 97 2 760 2 628 3 277 1 167 1 448 1 709 2 9 1 266 1 12 1 3 1
135 34 36 15 2 449 3 526 1 380 1 637 1 582 2 539 1 554 4 66 2 513 2 684 1 592 2 561 1 622 1 217 1 657 2 660 3 60 2 209 1 207 1 397 4 400 1 362 1 54 2 435 2 535 1 452 1 529 3 260 1 852 1 648 2 780 1 708 2 853 2 291 1 621 1
136 34 33 483 2 230 2 183 2 479 1 412 3 613 2 67 1 856 1 771 2 630 4 614 3 457 3 433 1 623 1 221 1 833 1 70 1 442 2 629 1 635 1 396 1 68 1 697 1 581 3 229 2 402 2 145 2 199 2 409 1 477 1 723 1 537 1 323 1
137 34 39 50 1 53 2 577 2 701 1 148 1 548 1 391 1 567 1 185 2 476 2 132 2 461 1 542 1 473 3 376 1 670 1 484 1 335 2 646 2 507 1 154 1 480 2 536 2 815 2 571 2 369 2 624 4 165 1 499 2 682 1 517 5 101 1 38 3 557 1 414 1 534 2 743 1 398 3 563 2
138 34 41 343 3 25 2 128 1 388 2 903 1 564 1 216 1 405 1 524 2 131 1 337 1 727 1 734 1 778 1 755 1 569 2 447 1 192 1 575 1 601 1 742 1 265 1 215 2 89 1 106 3 741 2 603 1 450 2 632 1 641 3 500 1 246 1 425 1 149 1 531 1 694 1 116 1 596 3 16 1 521 5 188 1
//IdTournes NbColis
24 6
//IdColis IdCommandeInColis NbProducts IdProd1 QtyProd1 IdProd2 QtyProd2 ...
139 34 17 275 1 121 1 552 1 439 2 377 1 392 3 32 1 61 1 424 1 33 1 732 1 555 1 662 2 406 3 501 2 504 1 545 2
140 35 45 105 2 352 1 71 1 204 1 98 1 51 1 115 1 421 2 511 1 577 1 228 1 108 1 479 1 613 1 147 1 463 1 679 1 623 1 182 1 619 2 518 1 590 1 474 1 541 2 507 1 536 1 176 1 355 1 282 1 295 1 624 1 572 1 418 2 427 1 517 2 101 4 689 1 38 1 408 1 534 1 849 1 130 1 487 1 389 1 715 1
141 35 40 293 1 363 1 103 1 58 1 211 1 148 1 683 2 338 1 522 1 684 1 686 2 10 1 829 1 735 1 4 2 168 1 154 1 512 1 350 1 397 2 544 1 134 1 502 2 575 3 369 1 435 1 559 3 593 1 448 3 529 2 106 1 125 1 450 1 500 2 758 1 531 2 436 3 174 1 116 1 175 2
142 35 31 449 2 754 1 680 1 580 1 582 1 428 1 439 1 616 1 554 1 210 1 33 1 658 1 530 1 732 1 614 1 333 1 498 2 681 2 598 1 551 2 136 1 334 1 23 1 396 1 547 2 402 1 29 1 514 1 199 1 459 1 127 1
143 36 43 443 1 738 1 71 1 368 1 98 1 885 1 51 1 475 1 193 1 451 1 46 2 421 2 354 2 126 1 415 1 820 1 664 2 255 1 338 1 705 2 481 1 88 1 399 1 102 1 446 2 716 1 620 1 474 3 753 1 515 1 194 1 610 1 186 1 373 1 757 1 385 1 6 1 357 2 673 1 348 1 130 2 416 1 505 1
144 36 40 378 1 401 1 602 1 146 1 438 2 449 3 526 2 380 1 637 1 582 2 184 1 422 2 99 1 786 1 10 1 344 1 622 1 528 2 660 2 350 1 397 3 431 1 361 1 54 1 435 2 535 1 559 1 277 1 452 2 387 1 638 1 448 3 648 1 394 1 758 1 292 1 243 1 951 1 952 1 525 1
//IdTournes NbColis
25 6
//IdColis IdCommandeInColis NbProducts IdProd1 QtyProd1 IdProd2 QtyProd2 ...
145 36 34 105 2 342 1 478 1 230 1 183 1 616 1 210 1 412 2 17 1 530 1 614 1 44 1 79 1 341 1 902 1 390 2 598 1 70 1 442 2 334 1 850 2 18 2 64 1 396 2 95 1 666 1 581 1 402 2 407 1 806 1 921 2 145 2 199 1 723 1
146 36 38 384 2 158 2 347 1 359 1 613 2 120 1 440 1 685 1 630 1 548 2 623 1 567 1 542 1 376 1 43 1 518 1 590 1 335 1 480 1 536 1 954 1 432 1 369 1 867 1 624 1 356 1 945 1 517 4 101 4 741 2 222 1 325 1 414 1 803 1 626 1 398 1 382 1 563 2
147 36 42 35 2 754 2 704 1 439 1 131 1 324 1 424 1 703 1 259 1 732 1 555 1 253 1 553 1 618 1 23 1 297 1 617 1 550 1 200 1 75 1 801 1 575 1 72 1 675 1 746 1 653 2 603 1 450 1 641 1 693 2 425 1 403 1 804 1 149 1 707 2 531 3 410 1 596 1 349 1 521 2 501 1 545 2
148 37 50 71 1 483 1 51 1 655 2 24 1 214 1 674 1 415 1 718 2 479 1 613 1 497 1 566 1 423 1 65 1 476 1 481 1 444 1 114 1 482 1 453 1 471 1 799 1 484 1 773 1 610 1 536 1 434 2 649 1 165 1 385 2 223 2 427 2 517 3 639 1 689 1 6 2 38 1 325 1 96 1 357 1 408 1 414 1 534 2 803 1 351 1 487 1 398 2 416 1 366 1
149 37 41 142 1 115 1 347 1 647 1 451 1 359 1 421 2 511 1 492 1 828 1 664 1 338 2 522 1 705 1 218 1 36 1 88 1 599 1 399 1 446 1 597 1 339 1 376 1 480 2 573 2 576 1 516 1 97 1 284 1 751 1 286 1 631 1 167 1 448 3 741 1 654 1 450 1 9 2 436 1 12 1 802 1
150 37 44 293 1 363 2 814 1 128 1 388 3 449 1 634 1 580 1 680 1 524 1 184 1 131 1 113 1 486 1 117 2 273 1 4 2 569 1 297 1 397 1 431 1 134 1 213 1 710 1 733 1 502 1 435 1 559 2 535 1 653 1 603 3 260 1 500 2 881 1 403 1 531 1 116 1 410 1 579 1 521 1 27 1 188 1 523 1 20 2
//IdTournes NbColis
26 6
//IdColis IdCommandeInColis NbProducts IdProd1 QtyProd1 IdProd2 QtyProd2 ...
151 37 33 582 1 554 1 224 1 713 1 33 1 658 1 721 1 732 1 614 1 433 1 595 1 390 4 69 1 553 1 629 1 334 4 552 2 377 1 396 1 429 1 95 1 231 1 68 1 392 1 402 2 514 1 441 1 409 1 31 1 662 1 740 1 135 1 501 2
152 38 51 352 4 204 1 570 1 917 1 837 1 76 1 415 1 719 1 700 2 702 1 479 3 613 1 661 2 623 2 834 1 566 1 476 1 444 1 542 1 114 1 473 2 182 1 720 2 206 1 728 1 533 1 615 2 670 2 434 2 558 1 571 1 282 1 624 3 165 1 572 2 499 1 385 2 427 2 639 1 717 1 838 1 416 1 505 2 563 1 715 1 738 2 443 1 627 1 34 1 510 1 50 2
153 38 44 602 2 343 2 363 1 122 2 163 1 103 1 48 1 142 2 115 1 347 1 577 3 511 1 267 1 766 2 527 1 644 2 880 1 664 1 701 1 463 1 190 1 734 1 548 1 238 1 705 1 567 2 686 1 599 1 446 1 669 1 376 1 194 1 411 1 573 1 729 1 628 1 277 1 448 1 741 1 632 1 292 1 466 4 345 1 20 1
154 38 48 465 1 128 2 526 1 380 1 216 1 405 2 637 1 582 4 524 1 554 2 439 2 224 1 424 2 703 1 787 1 458 3 929 1 117 2 530 1 236 1 614 1 513 2 684 1 344 1 217 1 657 1 4 2 528 1 569 1 660 1 835 1 350 1 710 1 54 2 502 1 574 1 195 1 445 1 648 1 839 2 394 1 425 1 708 1 531 1 579 2 521 2 289 1 179 2
155 38 29 433 1 262 1 598 1 390 2 74 1 118 1 406 1 442 1 560 1 136 1 392 1 547 2 32 1 581 1 40 1 402 4 746 1 39 1 202 1 145 1 29 2 514 1 520 1 441 1 409 1 586 1 85 1 695 1 501 1
156 39 48 368 1 50 1 122 1 51 1 788 1 183 1 511 1 577 2 674 1 817 1 76 1 415 3 77 1 80 1 45 1 623 3 461 2 182 1 43 1 533 1 590 2 620 1 670 2 773 1 541 1 507 1 186 1 73 1 434 1 426 1 571 1 373 1 624 1 165 2 769 1 385 2 418 1 639 1 517 1 247 1 6 1 325 1 408 2 673 1 414 1 398 3 416 1 563 1
//IdTournes NbColis
27 6
//IdColis IdCommandeInColis NbProducts IdProd1 QtyProd1 IdProd2 QtyProd2 ...
157 39 43 378 2 814 2 103 1 113 1 664 3 781 1 150 1 486 2 117 1 494 1 548 2 778 1 600 1 522 1 794 1 567 1 821 1 132 1 218 1 256 1 88 1 686 1 399 1 561 1 755 1 735 2 622 1 42 1 657 1 4 2 168 1 209 1 154 1 815 1 97 1 369 1 448 2 106 2 797 1 149 1 187 1 27 1 20 1
158 39 39 293 1 128 1 388 3 449 4 216 1 405 2 582 1 439 5 650 1 790 2 703 1 180 1 721 1 614 1 333 1 433 1 79 1 503 1 69 3 118 1 406 1 793 1 70 1 358 1 447 1 617 1 192 1 362 1 574 3 653 2 500 1 425 2 780 1 882 1 243 1 531 3 116 1 521 1 621 2
159 39 15 699 1 850 1 381 1 886 1 319 1 396 1 642 1 32 2 40 2 181 1 137 2 514 2 520 3 504 1 127 1
160 40 40 352 1 51 1 837 1 24 1 214 1 674 1 479 1 856 1 630 1 565 1 604 1 566 2 326 1 423 1 481 2 444 1 114 1 482 2 897 1 332 3 453 1 533 1 615 1 799 2 474 1 489 1 541 4 536 1 954 1 73 1 365 1 434 1 426 1 355 4 571 1 757 2 165 2 385 2 517 6 101 2
161 40 35 443 1 562 1 738 2 34 2 49 2 50 2 48 1 359 1 556 1 81 2 148 1 683 2 238 1 391 1 725 2 185 1 854 1 360 1 379 1 331 4 671 2 38 2 96 1 557 1 348 1 414 2 534 2 803 5 626 1 367 1 487 1 743 2 240 1 416 4 505 1
162 40 43 413 4 602 1 103 1 163 1 508 1 383 2 324 1 58 1 211 1 99 1 66 1 778 1 485 1 513 1 386 1 330 1 786 1 10 1 208 1 4 2 528 1 569 1 660 1 512 2 397 4 576 1 516 4 364 1 362 1 710 1 729 1 578 2 54 1 733 2 369 3 601 1 215 2 285 1 167 1 155 1 175 1 525 2 188 1
//IdTournes NbColis
28 6
//IdColis IdCommandeInColis NbProducts IdProd1 QtyProd1 IdProd2 QtyProd2 ...
163 40 41 128 1 388 5 449 3 754 4 564 1 405 2 634 1 582 6 439 1 428 1 519 2 372 1 713 1 424 2 530 1 236 1 614 1 433 1 744 1 161 1 922 1 553 1 334 1 358 1 635 1 381 1 169 2 706 1 316 1 574 2 603 1 445 1 296 1 500 2 425 3 882 1 758 1 116 1 410 1 596 3 166 1
164 40 14 396 3 95 1 319 1 231 1 392 1 697 1 666 1 229 1 402 3 746 1 514 1 594 1 328 1 537 1
165 41 58 204 1 568 1 570 1 483 1 527 1 113 1 162 1 4 1 43 1 471 1 206 1 168 1 518 1 533 1 297 1 474 1 489 1 541 1 350 1 397 1 37 1 362 1 176 1 558 2 54 1 571 1 535 1 559 1 572 1 574 1 517 1 38 1 408 1 579 2 523 1 382 1 562 1 456 1 347 1 564 1 577 1 224 1 470 1 33 1 458 2 530 1 548 1 44 1 433 1 555 1 498 1 567 1 218 1 399 2 406 1 551 1 553 1 376 1
166 41 16 512 1 411 1 488 1 573 1 547 2 229 1 448 1 106 1 514 1 31 1 149 1 466 1 85 1 290 1 334 1 545 2
167 42 44 562 3 71 1 204 1 50 1 837 1 456 2 53 2 479 2 412 2 613 1 419 2 604 1 566 1 473 1 619 1 43 2 471 1 518 1 533 2 615 1 484 1 541 2 507 2 610 1 434 4 107 2 571 1 295 1 612 1 624 3 223 1 769 2 418 1 427 1 517 4 101 1 689 1 96 1 357 1 557 3 414 1 240 1 416 1 715 1
168 42 51 413 3 731 1 807 1 113 1 422 1 781 1 117 1 294 1 288 1 657 1 4 1 617 3 350 1 431 1 75 1 362 1 801 1 435 3 535 1 574 3 91 1 296 1 500 1 394 3 425 1 287 1 577 2 651 1 77 1 492 1 644 1 548 2 705 1 567 1 237 1 725 1 132 1 88 1 597 1 376 1 480 1 411 1 97 1 760 1 364 1 729 1 601 1 742 1 167 2 450 1 641 2
//IdTournes NbColis
29 6
//IdColis IdCommandeInColis NbProducts IdProd1 QtyProd1 IdProd2 QtyProd2 ...
169 42 44 293 1 449 1 139 1 380 1 276 1 582 2 439 2 616 1 554 2 650 1 713 1 424 1 458 2 236 1 530 1 433 1 498 2 390 1 69 1 442 1 553 1 560 1 136 1 334 2 699 1 18 1 95 1 429 1 392 1 697 2 547 1 123 1 514 1 520 2 409 1 531 3 662 1 166 1 596 1 579 1 291 1 521 2 621 1 464 1
170 43 47 352 2 71 1 478 1 475 3 214 1 354 1 583 1 718 1 509 1 479 2 412 1 395 1 623 2 566 2 497 1 476 2 274 1 887 1 43 1 615 1 773 1 335 1 73 1 434 1 365 1 558 2 160 1 624 1 165 1 769 1 499 1 385 1 239 1 418 1 427 2 639 1 517 3 38 1 250 1 774 1 673 1 557 1 307 2 430 2 351 3 563 2 389 2
171 43 41 784 1 413 1 789 1 587 1 50 1 122 1 577 1 511 1 359 1 651 1 644 2 664 2 81 1 30 1 148 1 548 1 157 1 391 1 218 1 399 1 446 1 597 2 376 1 336 1 154 1 411 1 760 1 516 1 432 2 369 1 286 2 638 1 448 1 106 3 641 1 143 1 149 1 768 3 436 1 791 1 20 1
172 43 40 378 1 363 1 438 1 687 1 103 1 449 4 564 1 580 1 267 1 582 4 422 4 99 1 190 2 486 1 467 1 513 1 786 2 217 2 4 2 660 1 745 2 397 1 140 1 431 2 75 1 710 1 362 1 54 3 575 1 502 1 559 1 435 1 387 1 445 1 394 1 425 1 531 1 596 2 521 2 888 2
173 43 32 554 2 713 1 703 1 790 2 33 1 458 1 530 1 433 1 555 1 457 2 503 1 598 1 161 1 390 1 551 1 442 1 306 1 334 4 762 1 95 1 547 1 581 1 402 1 407 1 181 1 245 2 514 4 477 1 662 1 723 1 545 1 504 2
174 44 50 71 1 368 1 570 2 230 1 214 2 100 2 354 1 76 1 719 1 700 1 509 1 108 1 412 3 613 2 496 1 67 1 679 1 685 2 630 1 623 2 736 1 322 1 114 1 315 1 471 1 670 1 484 3 646 1 541 2 335 1 507 1 434 1 571 2 373 1 624 1 757 1 385 1 427 2 517 3 101 1 6 1 325 1 357 1 408 1 557 2 534 2 93 1 351 1 398 1 505 3
//IdTournes NbColis
30 6
//IdColis IdCommandeInColis NbProducts IdProd1 QtyProd1 IdProd2 QtyProd2 ...
175 44 42 627 2 562 1 384 1 811 1 159 1 50 2 347 1 115 1 577 1 171 1 77 1 506 1 147 1 463 3 664 1 548 1 600 1 705 1 185 1 132 1 298 1 376 1 318 1 515 3 512 2 411 2 573 1 364 1 369 2 601 1 945 1 448 2 709 1 106 3 125 1 641 1 9 1 155 2 251 1 455 1 389 2 382 1
176 44 46 401 1 413 1 363 1 103 1 184 1 383 1 113 1 58 1 422 2 5 3 66 1 781 3 734 2 117 1 513 1 684 2 786 1 755 1 735 2 618 1 916 1 209 1 350 2 397 1 37 1 75 1 134 1 733 1 502 1 575 1 156 1 452 1 810 1 387 1 805 1 394 3 243 1 403 1 189 1 596 2 636 1 579 2 166 2 27 1 464 2 20 1
177 44 41 465 1 139 1 564 1 216 1 405 1 524 1 428 1 439 1 616 3 539 1 554 3 62 1 713 1 424 3 703 1 790 2 667 2 658 1 737 1 614 1 44 1 498 1 595 4 390 2 442 2 635 1 121 1 263 2 699 1 850 1 469 1 552 1 381 1 396 4 319 1 392 2 697 1 666 1 229 1 40 2 888 1
178 44 11 39 1 137 1 29 1 520 1 688 1 662 1 740 4 402 3 746 1 545 1 759 1
179 45 37 105 3 204 1 475 1 193 1 183 1 589 1 415 1 719 1 80 1 255 2 679 1 685 1 303 1 604 1 476 1 481 1 461 2 542 1 736 1 453 1 590 1 335 2 541 1 507 1 536 1 610 1 186 1 73 1 373 1 160 1 624 1 712 1 418 1 517 3 101 4 6 1 38 1
180 45 42 443 1 627 2 738 1 34 2 159 1 643 1 142 1 421 1 577 1 77 2 644 2 828 2 147 1 463 1 701 1 522 1 686 1 399 1 446 1 318 1 480 1 411 1 815 1 540 1 364 1 432 1 770 1 277 1 638 1 709 2 106 1 797 1 325 1 155 1 693 1 408 1 652 1 437 1 626 1 398 3 416 1 389 2
//IdTournes NbColis
31 6
//IdColis IdCommandeInColis NbProducts IdProd1 QtyProd1 IdProd2 QtyProd2 ...
181 45 36 109 1 378 2 401 1 568 1 103 1 417 1 766 1 184 1 113 2 337 1 190 1 781 1 734 1 10 2 660 3 209 1 447 1 397 1 745 1 400 1 192 1 362 1 733 1 575 3 316 1 607 1 89 2 574 1 529 1 653 1 138 1 91 2 500 2 175 2 525 2 20 1
182 45 40 449 2 754 4 526 2 640 2 439 2 539 1 616 1 317 1 210 1 28 1 667 1 424 1 790 1 614 1 333 2 555 1 79 1 598 1 221 1 69 1 442 1 553 2 136 1 358 1 11 1 95 1 319 1 396 2 392 1 697 1 21 2 403 2 531 2 410 2 166 1 596 1 521 1 523 1 621 1 464 1
183 45 9 29 1 199 1 520 1 441 1 31 1 393 1 723 3 501 2 759 1
184 46 44 738 1 443 1 71 2 366 1 19 1 917 1 475 1 48 1 193 1 22 1 645 2 46 2 354 1 674 1 126 1 719 1 419 2 255 2 566 1 326 2 481 1 444 4 274 1 482 1 619 1 471 1 716 1 533 1 753 1 541 1 610 1 186 1 83 1 355 1 373 2 572 1 385 2 689 2 6 1 96 1 348 1 130 1 416 1 505 1
185 46 39 378 2 146 1 438 1 421 4 766 1 184 1 383 1 422 2 764 1 219 1 683 3 705 1 684 1 491 2 725 1 88 1 686 1 399 1 446 2 208 1 371 1 379 1 168 2 194 1 350 2 745 2 397 4 411 4 431 1 516 2 37 1 362 1 578 1 535 1 709 3 448 1 466 3 525 1 621 1
186 46 41 105 1 342 1 483 1 380 2 214 1 183 1 428 1 539 1 616 1 191 1 412 1 458 3 232 1 685 1 737 1 630 1 44 1 433 1 457 4 79 1 26 1 281 1 598 1 476 2 442 1 560 1 668 1 43 1 635 1 206 2 518 1 615 4 799 1 677 1 739 1 921 1 84 1 520 1 961 1 85 1 723 1
//IdTournes NbColis
32 6
//IdColis IdCommandeInColis NbProducts IdProd1 QtyProd1 IdProd2 QtyProd2 ...
187 46 42 510 2 158 1 50 1 527 3 644 1 960 1 506 1 463 1 701 1 90 1 467 2 117 1 391 1 185 1 294 1 47 1 590 1 111 1 773 1 335 1 480 1 905 2 488 1 540 1 75 1 364 1 468 1 729 1 571 1 502 1 369 1 742 1 607 2 574 2 517 5 741 2 155 1 693 2 557 1 437 2 626 1 175 2
188 46 41 687 1 754 1 941 1 704 1 196 1 216 1 524 1 439 1 713 2 424 2 732 2 555 1 333 1 744 1 498 1 595 3 161 1 406 1 551 1 553 1 765 1 469 1 200 1 381 2 169 1 547 1 32 2 746 1 39 1 202 1 137 1 514 4 490 2 839 1 531 2 116 1 596 1 521 4 300 1 501 1 545 1
189 47 47 352 1 443 1 204 1 98 1 475 1 862 1 257 1 22 1 647 1 674 1 651 1 719 1 718 1 496 1 150 1 711 1 45 1 683 4 566 2 491 1 725 1 481 3 444 1 88 1 399 1 178 1 597 2 669 1 716 1 541 2 512 1 365 1 83 1 751 1 295 1 638 1 709 1 167 1 6 1 357 1 673 1 487 1 416 2 505 2 525 3 715 2 783 2
190 47 38 378 2 413 3 602 2 293 1 103 1 526 1 946 1 582 3 539 1 554 3 184 1 519 1 912 1 58 1 422 2 99 1 66 1 458 3 721 2 530 3 433 1 457 2 513 1 684 1 622 1 698 1 168 1 722 1 350 1 397 2 400 3 362 1 710 1 225 1 387 1 529 2 91 1 329 2
191 47 41 105 3 205 1 714 1 420 1 702 1 412 2 120 1 67 1 395 1 834 2 226 1 476 1 833 2 118 1 542 2 442 3 897 1 629 1 560 1 334 1 453 1 206 1 615 1 850 1 670 1 507 1 176 1 558 1 396 4 429 1 95 1 571 1 68 1 624 2 581 2 245 1 199 1 409 1 477 1 656 1 893 1
192 47 41 384 1 587 2 159 1 50 1 577 4 417 1 527 1 644 1 880 1 190 2 486 1 148 1 485 1 279 1 218 1 294 1 376 1 617 2 192 1 432 1 575 1 502 1 601 1 356 1 593 1 278 1 165 1 607 1 418 1 639 1 517 3 195 1 101 2 445 1 38 1 641 1 500 2 325 1 717 1 175 1 389 1
//IdTournes NbColis
33 6
//IdColis IdCommandeInColis NbProducts IdProd1 QtyProd1 IdProd2 QtyProd2 ...
193 47 31 634 1 439 1 424 1 790 1 667 1 259 1 236 1 333 2 498 1 69 2 406 1 23 1 846 1 200 1 301 1 392 2 547 1 61 1 123 1 490 4 881 1 531 3 594 1 521 3 404 1 289 1 464 1 858 1 501 3 504 1 545 1
194 48 44 105 1 313 1 885 1 159 1 311 1 456 1 577 1 228 1 76 1 171 1 162 1 966 1 701 1 463 1 971 1 302 1 312 1 548 2 157 1 304 1 604 1 309 1 481 1 444 1 119 1 305 1 887 1 43 1 474 1 308 1 434 1 107 1 558 1 160 1 165 1 385 1 517 2 101 1 96 1 408 3 414 1 310 1 883 1 389 1
195 48 47 343 1 378 1 293 1 965 1 903 1 163 1 861 1 524 1 582 1 539 1 554 1 422 2 28 1 33 1 458 2 727 1 684 1 237 1 446 2 52 1 271 1 528 1 660 2 972 1 617 1 752 1 480 1 512 1 350 1 299 1 608 1 884 1 54 1 559 1 277 1 593 1 452 1 89 1 195 1 445 1 970 1 758 1 410 1 187 1 863 1 621 1 179 1
196 48 15 18 1 906 1 200 1 123 1 969 1 530 1 514 1 520 1 490 1 79 1 879 1 221 1 406 1 957 1 459 1
197 49 49 342 1 71 2 204 1 80 1 120 1 613 1 67 1 395 1 565 1 423 1 476 3 322 1 471 2 533 1 728 1 716 1 111 1 646 1 541 1 507 1 295 1 165 1 418 1 101 2 689 1 86 1 325 1 414 1 93 1 416 1 505 1 421 1 30 1 494 1 705 1 336 1 370 1 480 1 411 1 576 1 516 1 364 1 432 1 601 1 628 1 265 1 448 2 106 1 654 1
198 49 39 378 1 35 1 128 2 388 1 103 1 15 1 449 2 582 3 184 1 317 1 113 1 210 1 90 1 190 1 657 1 660 3 168 1 617 2 397 1 745 2 431 1 75 1 435 1 278 1 574 2 648 1 500 2 9 1 143 1 394 2 346 1 425 1 652 2 531 2 116 2 175 2 596 1 802 1 525 1
//IdTournes NbColis
34 6
//IdColis IdCommandeInColis NbProducts IdProd1 QtyProd1 IdProd2 QtyProd2 ...
199 49 17 699 1 552 1 396 2 581 1 713 2 61 1 402 3 202 1 29 1 433 1 555 1 498 2 662 1 69 1 118 1 560 1 504 1
200 50 42 352 2 384 1 204 1 158 1 50 1 122 2 76 1 479 1 120 1 613 1 412 1 255 2 685 1 696 1 141 1 497 1 476 1 444 1 182 1 43 1 471 1 206 2 518 1 541 1 646 1 186 1 107 1 571 1 624 2 499 1 418 2 517 2 101 1 325 2 250 2 408 1 557 1 348 1 416 2 505 1 563 2 715 1
201 50 36 109 1 343 1 378 2 413 2 807 1 46 1 577 1 511 2 228 1 556 2 527 2 113 1 422 2 522 1 705 2 513 1 237 1 491 1 132 1 36 1 320 1 350 1 397 2 411 1 488 2 400 1 431 2 364 1 578 1 54 2 167 1 631 1 104 1 768 1 12 1 175 4
202 50 30 128 1 526 1 405 1 582 2 616 1 428 1 713 1 530 2 614 1 503 1 595 2 334 2 502 2 396 1 452 1 547 3 581 1 603 2 138 1 490 2 425 1 243 1 403 1 85 1 579 1 521 2 523 1 549 1 545 1 501 2
203 51 46 738 2 204 1 98 1 50 1 122 1 475 1 456 1 24 1 214 1 13 1 191 1 76 1 719 1 108 1 509 1 412 1 613 2 232 1 26 1 254 1 566 1 65 1 114 1 473 1 619 2 533 1 474 1 335 1 507 1 609 1 73 1 365 1 107 1 176 1 160 1 624 1 165 1 572 1 418 1 427 1 517 3 101 1 557 1 430 1 626 1 389 1
204 51 48 413 3 508 1 22 1 611 1 53 2 421 1 184 1 99 1 422 2 701 1 190 1 30 1 157 1 522 2 197 1 185 1 665 1 218 1 88 1 599 1 399 1 321 1 52 1 271 1 660 1 336 1 617 2 480 1 512 1 397 4 745 1 411 1 573 1 576 1 97 1 608 1 364 1 710 1 432 1 54 1 225 1 628 1 593 1 167 1 741 1 632 1 707 1 525 1
//IdTournes NbColis
35 6
//IdColis IdCommandeInColis NbProducts IdProd1 QtyProd1 IdProd2 QtyProd2 ...
205 51 29 449 1 539 1 333 1 79 1 595 2 598 1 118 1 442 1 136 1 699 1 18 1 374 2 552 1 381 1 706 1 396 1 231 1 402 1 529 1 514 1 500 1 758 1 403 1 708 1 393 1 662 1 723 1 521 2 501 3
206 52 47 342 1 105 1 384 1 443 2 562 1 738 1 368 1 158 1 115 1 451 1 796 1 191 1 76 1 126 1 415 1 719 1 412 1 120 1 701 1 661 1 419 1 67 1 30 1 565 1 45 1 566 1 423 1 444 1 453 1 541 1 610 2 609 1 434 2 571 1 624 1 160 1 165 1 517 2 101 3 325 1 408 2 414 1 351 2 743 1 398 1 389 1 563 1
207 52 49 401 1 413 1 807 1 324 3 117 1 778 1 786 1 60 1 447 1 722 1 617 2 550 1 397 2 400 1 75 1 362 1 801 1 452 1 445 1 394 1 708 1 531 1 410 2 596 1 521 2 388 1 687 1 449 1 196 1 139 1 582 3 338 1 170 1 567 2 686 1 36 1 599 1 399 2 446 1 371 1 411 1 573 1 364 1 628 2 601 1 448 4 450 1 9 1 175 1
208 52 29 428 1 439 1 616 2 554 1 424 1 33 1 721 1 732 1 595 2 390 2 598 1 442 1 70 1 358 2 18 1 552 1 377 1 886 1 396 2 666 1 402 1 40 1 245 1 145 1 520 1 409 1 31 1 723 1 545 1
209 53 53 368 1 71 1 478 1 475 1 817 1 126 1 876 1 661 1 736 1 482 1 619 1 182 1 720 1 471 1 43 2 335 1 308 1 507 1 536 1 610 1 468 1 165 1 385 2 1 1 517 2 689 1 408 2 534 1 93 1 487 1 743 1 130 1 416 2 389 1 563 1 715 2 562 2 366 1 510 1 158 1 347 1 556 1 440 1 454 1 173 1 494 1 548 1 280 1 567 1 446 3 597 1 360 1 371 1
210 53 46 401 1 413 3 109 1 353 1 163 1 383 2 131 1 113 1 422 3 190 1 734 1 786 1 344 1 47 1 617 3 397 2 745 1 411 2 400 1 362 1 801 1 751 1 775 1 578 1 54 2 628 2 559 2 448 1 167 1 106 2 296 1 641 1 500 2 881 1 425 1 832 2 403 1 287 1 189 1 410 1 116 1 596 1 521 2 525 1 464 1 3 2
//IdTournes NbColis
36 6
//IdColis IdCommandeInColis NbProducts IdProd1 QtyProd1 IdProd2 QtyProd2 ...
211 53 27 449 1 144 1 582 1 524 2 713 1 424 2 236 1 433 1 498 2 598 1 560 1 493 1 635 1 552 1 396 1 429 1 392 1 581 1 40 1 61 1 746 1 245 1 514 1 409 1 477 1 864 1 759 1
212 54 49 105 1 71 1 508 1 193 1 460 2 527 1 422 1 412 1 543 1 565 1 26 1 566 2 542 1 294 1 305 1 453 1 4 1 471 1 569 1 660 1 916 1 541 1 550 1 350 1 544 1 558 1 575 1 54 1 435 1 499 1 639 1 91 1 425 1 531 1 414 1 116 1 375 1 521 1 416 1 505 1 563 1 562 1 456 3 526 1 580 1 511 2 582 2 276 1 554 2
213 54 28 519 1 219 1 548 1 406 1 551 1 446 1 442 1 263 1 552 1 512 1 488 1 576 1 578 1 742 1 581 1 402 2 40 1 462 1 145 1 514 1 490 2 450 1 546 1 187 1 345 2 135 1 549 1 504 1
214 55 45 109 1 627 1 128 1 885 1 588 1 508 1 249 1 183 1 460 1 527 2 912 1 613 3 80 1 232 1 254 1 423 1 4 1 471 1 569 1 660 1 484 1 550 1 350 1 397 2 340 1 431 1 54 1 559 1 875 1 612 1 278 1 607 1 165 1 769 1 517 1 639 2 91 1 882 1 403 2 557 1 717 1 636 1 521 2 621 1 389 2
215 55 37 903 1 15 1 456 1 380 1 640 1 634 1 637 1 511 1 554 1 228 1 171 1 458 2 606 1 585 1 157 1 79 1 567 1 237 1 598 1 399 1 406 1 334 2 909 1 635 1 488 2 369 1 742 1 638 1 631 1 591 1 520 1 246 1 31 1 203 1 537 1 525 1 501 2
216 56 52 378 1 602 1 204 1 584 1 589 1 172 1 417 1 527 2 126 1 663 1 422 1 99 1 80 1 419 1 592 1 566 1 164 1 473 1 482 1 4 1 471 2 660 1 474 1 617 1 397 1 507 1 365 1 434 1 502 1 575 1 559 1 842 1 624 1 165 1 572 1 223 1 517 2 529 1 603 1 6 1 346 1 403 1 557 1 531 1 708 1 7 1 166 1 521 2 416 2 443 1 627 1 34 1
//IdTournes NbColis
37 6
//IdColis IdCommandeInColis NbProducts IdProd1 QtyProd1 IdProd2 QtyProd2 ...
217 56 35 128 1 526 1 380 1 564 1 539 1 616 1 554 1 463 1 424 1 458 1 173 1 498 1 390 1 399 1 406 1 446 1 560 1 334 1 532 1 512 1 411 1 578 1 369 1 181 1 448 1 591 1 514 2 450 1 441 1 633 1 85 1 863 1 525 1 549 1 56 1
218 57 47 413 1 105 2 205 1 172 1 383 1 415 1 479 1 613 1 66 1 120 1 630 1 623 2 141 1 566 2 65 1 561 1 897 1 619 1 622 2 528 1 453 1 569 1 615 1 620 2 335 1 617 1 397 3 431 1 610 1 73 2 710 1 801 1 558 1 502 1 435 1 385 1 499 1 418 2 89 1 574 1 517 2 195 1 38 1 346 1 531 1 375 1 398 1
219 57 41 384 1 443 1 293 1 813 1 50 1 456 2 53 1 577 1 582 1 539 1 283 1 372 1 92 1 180 1 458 2 600 1 157 1 491 1 595 1 185 1 36 1 406 1 446 1 442 2 334 3 493 2 263 1 593 1 709 2 490 2 641 1 203 1 662 1 175 1 802 1 505 1 27 1 290 1 501 2 3 1 127 1
220 58 47 343 1 105 1 587 1 34 1 98 1 584 1 449 1 15 1 193 1 583 1 76 1 415 2 702 2 479 3 422 1 412 1 513 1 444 3 182 1 618 2 720 1 43 1 168 1 799 1 541 1 617 1 397 2 75 1 502 2 575 1 624 2 385 2 387 2 418 1 427 2 517 1 445 1 260 1 500 2 394 1 758 1 307 1 174 1 116 1 626 1 521 1 563 2
221 58 43 456 1 577 1 554 1 556 1 62 1 28 1 701 1 458 2 33 1 530 1 173 1 548 1 433 1 600 1 522 1 567 1 185 1 399 1 406 2 442 1 597 1 629 1 136 1 360 1 379 1 358 2 480 1 512 1 578 1 601 1 547 2 277 1 448 1 245 1 741 1 450 1 632 2 641 1 155 1 662 1 459 1 549 1 3 2
222 59 49 413 2 568 1 475 1 214 1 108 1 412 1 80 1 915 1 604 1 471 2 206 1 799 1 590 1 536 1 610 1 624 1 499 1 418 2 517 1 6 1 408 1 557 1 743 1 398 1 505 1 240 1 563 1 34 1 50 1 456 2 347 1 227 1 46 1 53 3 421 2 463 1 147 1 701 1 585 1 148 1 185 1 597 1 339 1 321 1 573 1 760 1 167 1 632 1 525 2
//IdTournes NbColis
38 6
//IdColis IdCommandeInColis NbProducts IdProd1 QtyProd1 IdProd2 QtyProd2 ...
223 59 52 184 1 592 1 344 1 10 1 297 1 209 1 550 1 350 1 544 1 625 1 54 2 559 1 452 1 529 3 195 1 881 1 830 1 403 1 596 1 521 1 523 1 687 1 564 1 405 1 524 1 439 1 616 1 519 1 424 2 614 1 433 1 341 1 79 1 902 1 595 1 390 1 406 1 699 1 841 1 200 1 605 1 547 1 229 1 514 2 490 1 688 1 594 1 586 1 662 1 893 1 504 1 545 1
224 60 40 352 2 105 1 71 1 483 1 674 2 80 1 566 1 423 1 444 1 542 2 887 1 799 1 474 1 111 1 335 1 646 1 489 1 541 2 59 1 610 2 571 1 624 1 165 1 385 1 427 3 517 4 639 1 689 1 101 3 325 1 96 1 357 2 557 3 534 3 803 1 375 2 743 1 398 4 416 1 563 2
225 60 43 443 1 784 1 378 1 413 4 363 1 643 1 122 1 163 1 645 2 472 2 53 1 421 1 577 5 417 1 58 1 701 1 467 1 486 3 157 2 238 1 567 1 725 1 344 1 829 1 515 1 336 1 480 1 512 1 411 1 540 1 760 1 369 3 593 1 448 2 709 1 167 1 106 1 632 1 693 1 266 1 175 2 783 2 3 2
226 60 39 687 2 449 4 15 1 526 1 380 1 405 2 216 1 524 1 439 3 554 1 224 1 198 1 28 1 790 1 458 3 658 1 530 2 732 1 503 1 390 2 833 2 52 1 617 5 350 1 745 2 710 2 54 1 452 1 529 4 873 1 445 1 394 2 881 1 882 1 531 4 116 1 596 1 521 1 523 1
227 60 14 358 1 699 1 850 1 153 2 886 1 396 1 697 1 642 1 547 1 402 3 459 1 442 1 135 1 549 1
228 61 49 51 1 193 1 674 1 415 3 80 1 613 1 496 1 679 2 67 1 26 1 326 1 476 1 481 1 444 4 542 1 274 1 332 1 453 1 720 1 471 1 518 1 533 1 615 1 670 1 590 1 558 2 612 1 624 1 517 4 357 1 534 1 307 1 351 1 743 1 398 3 416 1 505 1 382 2 389 1 563 1 443 2 738 1 869 1 122 1 647 1 451 1 53 1 421 1 577 2
//IdTournes NbColis
39 6
//IdColis IdCommandeInColis NbProducts IdProd1 QtyProd1 IdProd2 QtyProd2 ...
229 61 44 413 2 814 1 235 1 228 1 766 2 77 1 94 1 664 4 190 1 486 1 513 1 386 1 561 1 786 1 597 1 376 1 528 2 618 1 318 1 331 1 617 1 550 1 752 1 350 2 397 1 745 1 904 1 729 2 578 1 369 1 601 1 628 1 110 1 265 1 741 2 632 1 641 1 266 1 155 1 768 2 175 1 525 2 3 2 20 1
230 61 40 128 1 388 2 449 3 754 2 526 2 640 1 637 1 582 4 428 2 439 1 554 2 616 1 317 1 372 1 424 1 703 1 658 1 614 1 457 2 433 1 555 1 544 1 362 1 575 1 435 1 278 1 529 1 500 2 394 3 346 1 758 1 780 1 531 3 174 1 116 1 596 2 579 1 349 1 521 3 291 1
231 61 28 79 1 595 1 390 3 406 1 442 1 629 1 553 1 334 1 23 2 699 1 396 1 392 2 72 1 402 1 407 1 746 1 245 1 514 2 520 1 409 1 393 1 203 1 662 2 328 1 723 1 549 1 501 1 504 1
232 62 57 483 1 103 1 327 1 475 1 24 1 417 1 613 2 190 1 685 1 734 1 444 2 622 1 453 1 618 1 471 1 533 1 799 1 609 1 365 1 434 1 107 1 571 1 624 3 427 1 682 1 517 2 534 1 715 1 562 2 587 1 34 1 347 1 115 1 46 1 577 1 701 1 664 1 900 1 338 1 567 1 686 1 399 1 446 1 597 1 339 1 376 1 515 1 480 1 573 1 369 1 110 1 167 1 709 1 450 1 149 1 345 1 27 1
233 62 43 449 1 439 1 539 1 554 2 616 1 210 1 458 2 658 1 530 1 614 1 503 1 79 1 390 1 221 1 406 2 442 1 629 1 569 1 785 1 397 3 54 1 396 1 607 2 581 1 195 1 445 1 260 1 500 2 425 1 758 1 403 1 531 3 410 2 116 1 85 1 579 1 328 1 521 2 621 2 464 1 501 2 545 2 759 1
234 63 48 342 1 352 1 562 1 784 1 71 2 204 1 366 2 510 1 34 2 885 1 234 1 347 1 142 2 714 1 718 1 644 1 509 1 702 2 162 1 412 1 565 1 281 1 476 2 481 1 720 1 43 1 533 3 615 2 474 1 753 1 335 1 541 1 610 3 558 1 842 1 165 1 385 1 499 1 418 1 517 2 689 1 38 1 325 1 375 1 505 2 389 1 563 1 783 1
//IdTournes NbColis
40 6
//IdColis IdCommandeInColis NbProducts IdProd1 QtyProd1 IdProd2 QtyProd2 ...
235 63 55 413 2 363 1 508 2 807 1 417 1 190 1 117 1 778 1 684 1 386 1 735 1 618 1 569 1 168 1 297 1 550 1 75 1 54 1 435 1 607 2 387 1 529 1 603 1 500 2 531 1 189 1 579 1 7 1 349 1 521 2 464 1 888 1 388 1 687 1 463 1 522 1 705 1 391 1 567 1 686 1 36 1 446 1 376 1 271 1 371 1 97 1 364 1 751 1 448 1 106 2 641 1 455 1 345 2 877 1 3 2
236 63 33 526 1 640 1 680 1 582 1 539 1 62 1 667 2 530 1 732 1 333 1 555 1 457 1 390 1 598 1 629 1 560 1 668 1 263 1 469 1 18 1 153 1 429 1 392 1 68 1 666 1 40 2 145 2 514 1 688 1 678 1 723 2 404 1 545 1
237 64 51 352 1 478 1 589 1 24 1 719 1 700 1 718 1 479 1 613 3 543 1 679 1 808 1 736 1 482 1 619 1 471 2 43 2 533 1 615 1 670 1 773 1 335 1 541 2 610 1 355 1 624 2 769 1 427 1 517 3 38 2 357 2 534 1 93 1 767 1 838 1 367 1 416 1 505 1 240 1 389 1 715 1 783 2 443 1 562 2 738 1 627 2 34 2 643 1 451 1 511 1 577 2
238 64 55 378 1 840 1 103 1 527 1 190 1 486 1 778 1 513 2 294 1 288 1 52 1 4 1 528 1 698 1 617 1 550 1 362 1 710 1 607 1 531 3 708 1 189 1 579 2 523 1 464 1 128 1 754 1 564 1 680 1 216 1 582 1 539 2 77 1 506 1 713 1 822 1 424 2 585 2 548 1 567 1 36 1 399 1 376 1 321 1 480 1 512 1 411 1 751 1 891 1 106 1 125 1 149 1 104 1 694 1 345 1
239 64 31 458 1 530 3 737 1 614 1 333 1 433 1 44 1 498 1 79 1 595 1 406 1 551 1 442 2 553 2 358 1 762 1 263 1 429 1 392 1 547 2 229 1 181 1 490 2 409 1 477 2 691 1 662 1 459 1 135 1 545 2 759 1
240 65 50 105 1 368 1 204 1 475 1 257 1 193 1 172 1 126 1 113 1 162 1 120 1 467 1 679 1 476 1 618 1 4 1 471 1 660 1 615 1 716 1 590 1 474 1 335 1 397 2 431 1 558 1 54 1 712 1 385 1 89 1 517 1 529 2 557 1 531 1 708 1 430 1 534 1 310 1 626 1 349 1 521 2 130 1 416 1 523 1 563 1 443 1 366 1 405 1 428 1 554 2
//IdTournes NbColis
41 6
//IdColis IdCommandeInColis NbProducts IdProd1 QtyProd1 IdProd2 QtyProd2 ...
241 65 30 556 1 224 1 458 1 548 1 498 1 705 1 185 1 551 1 560 1 376 1 334 1 907 1 18 1 552 1 381 1 578 1 95 1 697 1 229 1 202 1 490 1 246 1 594 1 707 1 436 1 656 1 345 1 695 1 537 1 135 1
242 66 61 352 3 71 1 204 1 76 1 700 1 509 1 479 1 419 1 696 1 254 1 566 1 423 1 119 1 728 1 716 1 670 1 335 1 541 2 507 1 468 1 612 1 165 1 572 1 499 1 769 1 517 2 692 1 38 1 408 2 855 2 557 1 743 1 398 1 416 1 627 1 738 1 784 1 34 1 227 1 46 1 511 1 577 3 585 1 567 1 665 1 218 1 686 1 597 1 379 1 512 1 411 1 760 2 364 1 729 1 578 1 601 1 742 1 448 1 709 1 591 1 693 1
243 66 48 109 1 704 1 637 1 580 1 524 1 582 2 554 1 527 1 519 1 78 1 113 1 880 1 66 1 703 1 458 1 530 2 433 1 498 1 598 1 551 1 553 2 334 1 698 1 660 1 785 1 168 1 397 2 431 1 75 1 706 1 396 1 875 1 392 1 547 1 666 1 181 1 145 1 648 1 490 1 409 1 393 1 586 1 723 2 521 1 537 1 464 1 3 1 759 1
244 67 50 205 1 230 1 655 1 24 1 527 1 702 1 58 1 422 1 90 1 684 1 119 1 542 2 253 1 720 1 569 1 206 1 722 1 541 1 617 1 397 2 507 1 609 1 213 1 575 2 54 2 373 1 435 1 535 1 624 2 89 1 517 1 445 1 6 1 394 1 690 1 673 1 531 2 116 2 93 1 636 1 389 2 563 2 888 1 293 1 15 1 122 1 142 1 380 1 564 1 634 1
245 67 43 144 1 577 1 539 1 554 1 519 1 224 1 701 1 713 1 458 2 530 1 433 1 522 2 567 1 185 1 390 1 598 1 686 1 102 1 70 1 560 1 376 1 321 1 699 1 480 1 512 1 392 1 123 1 106 1 514 1 29 1 490 2 450 1 266 1 409 1 586 2 436 1 656 1 187 1 723 1 893 1 188 1 545 1 3 2
246 68 43 105 1 443 2 784 1 71 2 478 1 122 2 347 1 556 1 718 2 613 1 496 1 565 1 497 1 566 1 444 3 619 1 182 1 471 1 533 2 716 2 590 1 474 2 773 1 541 2 609 1 610 3 426 1 83 1 624 1 517 1 6 1 38 1 408 2 855 1 414 1 93 1 375 1 626 1 351 1 130 1 416 2 382 1 495 1
//IdTournes NbColis
42 6
//IdColis IdCommandeInColis NbProducts IdProd1 QtyProd1 IdProd2 QtyProd2 ...
247 68 39 343 1 378 1 413 2 568 1 731 1 172 2 644 1 820 1 664 1 81 1 173 1 338 2 522 3 777 1 665 1 237 1 597 1 371 1 512 1 154 1 815 1 97 1 432 2 770 1 729 1 782 2 578 1 369 1 601 1 628 1 448 2 741 1 106 2 591 1 632 1 641 1 652 2 175 1 3 2
248 68 46 128 1 388 1 15 1 526 1 640 1 582 2 428 1 616 1 539 1 554 2 184 1 372 1 422 3 99 1 424 2 732 1 614 2 485 1 333 1 595 1 681 1 344 1 622 1 42 1 217 1 528 1 660 1 447 1 722 1 397 1 400 1 726 1 362 1 435 1 387 1 195 1 603 1 296 1 394 1 243 1 531 1 189 1 116 2 596 1 579 4 523 1
249 68 18 358 1 552 1 381 1 396 2 95 1 392 1 581 1 402 2 123 1 221 1 406 2 656 1 723 1 70 1 893 1 334 4 504 1 759 1
250 69 49 205 1 103 1 94 1 700 1 412 3 613 1 419 2 117 1 623 1 565 1 684 1 444 1 482 1 735 1 182 1 619 1 4 2 43 2 518 1 533 1 773 1 397 1 107 1 502 1 571 1 373 1 435 1 624 1 385 1 499 1 418 1 91 1 296 1 852 1 648 1 500 2 394 2 346 1 408 1 425 1 403 2 908 1 414 1 116 2 534 1 93 1 596 1 349 1 416 2
251 69 47 627 2 562 2 158 1 449 1 421 1 428 2 539 2 554 1 556 1 424 1 822 1 17 1 236 1 900 1 433 1 280 1 338 1 341 1 503 1 567 2 185 1 390 3 599 1 399 1 406 1 442 1 597 1 560 1 376 1 374 1 552 1 480 1 411 2 381 1 364 2 396 2 369 1 392 1 601 1 402 3 61 1 448 1 505 1 27 1 389 1 501 1 759 1
252 70 54 342 1 352 1 602 2 885 1 103 1 354 1 126 2 527 1 113 1 702 1 727 1 604 1 542 1 473 1 182 1 453 1 43 1 474 1 340 1 558 1 612 1 517 2 101 1 408 2 557 1 398 1 505 1 382 1 384 1 49 1 50 1 122 2 46 1 170 1 197 1 725 1 185 1 446 1 321 1 488 1 516 1 729 1 628 1 638 1 448 2 709 2 106 1 466 1 149 1 175 1 187 1 345 1 525 1 3 1
//IdTournes NbColis
43 6
//IdColis IdCommandeInColis NbProducts IdProd1 QtyProd1 IdProd2 QtyProd2 ...
253 70 43 564 1 405 1 144 1 582 1 554 2 424 2 458 3 721 1 530 1 614 1 433 1 595 1 390 1 74 1 553 1 42 1 18 1 397 1 200 1 726 1 575 1 535 1 392 1 68 1 547 1 581 1 574 1 8 1 145 1 138 1 514 1 490 1 531 2 393 1 31 1 174 1 116 1 546 1 85 1 740 1 521 1 523 1 621 1
254 71 43 352 1 105 1 562 1 738 1 366 1 98 1 478 1 584 1 50 1 451 1 183 1 53 1 651 2 77 1 644 1 479 1 162 1 80 1 661 2 685 1 623 1 26 1 604 1 566 1 444 1 453 1 533 1 799 1 728 2 474 1 489 2 541 1 434 2 83 1 223 1 895 1 517 1 639 1 101 3 414 1 389 1 563 1 715 1
255 71 52 413 2 422 2 261 1 778 1 485 1 786 1 52 1 618 1 660 1 397 1 431 2 134 1 89 1 138 1 648 1 500 1 394 1 758 2 531 2 521 2 179 1 564 1 405 1 554 2 28 1 703 1 458 3 530 2 494 1 548 1 433 1 555 1 170 1 665 1 36 1 399 1 371 1 336 1 512 1 411 1 760 1 364 1 782 1 369 1 601 1 448 1 106 1 246 1 187 1 345 1 188 1 3 1
256 71 12 23 1 358 1 200 1 595 2 11 1 85 1 406 1 547 2 123 1 501 1 545 2 127 1
257 72 55 343 2 352 2 413 1 368 1 527 2 415 1 719 1 479 2 412 1 190 1 684 1 476 1 444 1 736 1 473 1 482 1 735 1 619 1 618 1 4 2 698 1 615 1 541 1 397 2 507 1 730 1 499 1 427 1 517 1 96 1 758 1 557 1 375 1 349 1 367 1 521 2 416 2 715 1 627 1 122 1 526 1 53 1 82 1 276 1 582 1 651 1 539 1 554 2 701 1 424 1 703 1 81 1 658 1 530 1 548 1
258 72 29 433 1 555 1 567 1 595 1 390 1 399 2 446 1 442 1 532 1 318 1 699 1 480 1 512 1 95 1 392 1 601 1 628 1 742 1 448 1 741 1 490 1 632 1 466 1 594 1 768 1 694 1 175 1 740 1 188 1
//IdTournes NbColis
44 6
//IdColis IdCommandeInColis NbProducts IdProd1 QtyProd1 IdProd2 QtyProd2 ...
259 73 41 146 1 388 3 449 1 754 4 731 1 564 2 183 1 680 1 524 1 659 1 700 1 702 3 701 1 664 1 190 1 732 2 481 1 119 1 482 1 735 1 622 1 720 1 660 2 474 1 397 4 745 2 610 2 710 1 706 1 435 1 452 2 624 1 517 4 529 2 500 1 222 1 403 2 531 2 93 1 521 2 715 1
260 73 19 515 2 381 1 432 1 729 1 396 2 369 1 628 2 581 1 39 1 614 1 641 1 683 1 498 2 705 2 551 1 345 1 723 2 442 1 525 1
261 74 50 584 1 24 1 183 1 126 1 719 1 876 1 412 1 613 1 565 1 226 1 473 1 482 1 619 1 453 1 43 1 615 1 111 1 335 1 571 1 373 1 624 1 517 4 689 1 101 2 534 1 487 1 743 1 505 1 715 3 443 1 34 1 158 1 50 1 142 1 53 1 421 1 577 3 228 1 701 1 454 1 600 1 705 2 567 1 665 1 218 1 371 1 379 1 480 1 411 1 97 1
262 74 48 813 1 449 2 15 1 439 1 616 1 184 1 422 2 66 1 703 1 721 1 606 1 433 1 44 1 592 1 69 1 755 1 217 1 334 2 722 1 617 1 350 1 801 1 432 2 751 1 891 1 502 2 369 1 628 1 435 1 593 1 277 1 452 1 574 1 709 1 167 1 195 1 741 1 632 1 425 2 346 1 410 2 596 2 579 1 329 1 521 1 464 1 3 2 20 1
263 74 15 635 1 381 1 231 1 68 1 666 2 123 1 746 1 39 1 137 1 514 1 409 1 477 1 586 1 723 1 459 1
264 75 45 378 1 413 1 352 1 562 2 98 2 655 1 24 1 527 1 76 1 718 1 422 1 412 1 661 1 90 1 679 1 255 1 26 1 226 1 444 1 4 2 471 1 533 1 590 1 620 1 474 3 541 1 617 1 507 2 37 1 107 2 535 1 559 1 427 1 517 3 101 1 138 1 882 1 531 1 414 1 534 1 521 1 416 1 523 1 621 1 464 1
//IdTournes NbColis
45 6
//IdColis IdCommandeInColis NbProducts IdProd1 QtyProd1 IdProd2 QtyProd2 ...
265 75 44 50 1 115 2 227 1 456 3 347 1 640 1 634 1 53 2 582 1 439 1 616 1 650 1 463 1 713 1 424 1 33 2 458 3 530 1 498 1 705 1 902 1 36 2 406 1 446 1 442 1 70 1 18 1 512 1 752 1 411 2 573 1 697 1 628 1 642 1 746 2 709 1 520 1 641 1 266 1 466 1 251 1 546 1 345 1 501 1
266 76 44 366 2 34 1 570 1 862 1 214 2 82 1 750 1 492 1 77 1 718 1 876 1 419 1 705 1 338 1 391 2 326 1 444 1 88 1 736 1 399 2 446 1 376 1 321 1 339 1 533 4 753 1 541 1 480 1 176 1 432 1 571 2 749 1 769 1 896 2 682 1 517 3 689 1 357 1 408 2 626 1 416 1 505 1 240 2 563 2
267 76 43 378 1 413 1 388 3 103 1 449 2 508 2 680 1 539 1 554 2 94 1 210 1 424 2 180 1 555 1 44 1 513 1 786 1 660 3 447 1 209 1 362 1 628 2 435 1 535 1 286 1 265 1 574 1 448 3 709 2 445 1 641 1 648 1 266 2 780 1 403 1 708 1 189 1 116 1 7 1 166 1 521 1 3 2 20 2
268 76 19 358 1 699 1 263 1 429 1 697 1 402 2 407 1 746 1 145 1 457 2 498 1 393 1 85 1 406 1 551 1 459 1 334 1 501 2 545 1
269 77 46 105 1 443 1 627 1 234 1 50 1 451 1 183 1 53 1 420 1 644 1 120 1 701 1 899 1 255 1 148 1 238 1 522 1 604 1 391 1 665 1 481 1 686 1 399 1 114 1 669 1 339 1 518 1 763 1 474 1 515 1 541 2 512 1 905 1 186 1 432 1 782 1 578 1 369 1 385 1 265 1 517 2 96 1 557 1 767 1 487 1 715 1
270 77 55 378 1 766 1 10 1 735 1 52 1 397 2 625 1 559 1 607 2 195 1 603 1 500 2 394 1 881 1 346 1 531 1 116 1 596 1 521 2 179 1 890 1 128 1 388 1 687 1 449 1 380 2 640 1 405 1 901 1 616 1 519 1 78 1 703 2 458 1 721 1 530 2 236 1 614 1 433 1 44 1 595 1 598 1 551 1 442 1 334 1 762 1 392 1 547 1 229 1 106 2 632 1 149 1 345 1 802 1 3 1
//IdTournes NbColis
46 6
//IdColis IdCommandeInColis NbProducts IdProd1 QtyProd1 IdProd2 QtyProd2 ...
271 77 6 393 2 740 1 723 2 402 1 8 1 501 1
272 78 50 71 1 204 1 478 1 570 2 483 1 24 1 479 1 412 1 623 3 533 1 670 1 484 2 474 1 773 1 541 2 365 1 649 1 176 1 373 1 165 1 769 1 1 1 517 1 689 1 101 2 717 1 803 1 375 1 130 1 351 1 382 2 738 2 510 1 869 1 158 1 49 1 800 1 644 2 664 1 81 1 338 1 567 1 132 1 599 1 686 1 102 1 446 1 597 1 669 1 371 1
273 78 47 438 1 687 1 103 1 449 1 754 1 766 1 133 1 184 1 131 1 422 3 880 1 684 1 386 1 829 1 379 1 660 1 515 1 617 2 480 2 512 1 397 1 745 1 411 2 431 1 37 1 364 1 362 1 875 1 607 2 106 1 603 1 591 1 852 1 296 1 450 1 632 1 500 2 346 1 708 1 410 2 175 1 187 1 329 1 525 1 27 1 3 2 20 1
274 78 28 526 1 196 1 380 1 439 1 539 1 554 1 519 1 424 2 458 1 503 1 390 1 681 1 406 1 69 2 793 1 442 1 358 1 377 1 95 1 392 1 697 1 229 1 402 1 123 1 520 1 85 1 723 1 300 1
275 79 46 562 1 71 1 587 1 483 1 50 1 115 1 347 1 655 1 24 1 472 1 750 1 126 1 644 3 412 2 565 1 254 1 604 1 836 1 567 1 423 1 185 1 481 1 444 2 132 1 686 1 321 1 720 1 471 1 533 1 484 1 646 2 507 2 536 1 373 1 624 3 385 3 418 1 427 1 517 2 673 2 557 1 414 1 743 1 351 1 715 1 382 2
276 79 47 401 3 413 3 840 1 343 1 172 2 417 1 734 1 117 1 513 2 821 3 561 1 344 1 376 1 657 1 217 1 360 1 660 1 447 1 336 1 617 1 480 1 411 1 573 1 400 1 431 1 749 1 706 1 575 2 369 1 607 1 529 1 106 1 450 1 641 1 9 1 394 2 832 1 403 1 768 1 531 2 116 1 596 1 579 1 16 1 525 1 27 1 3 2
//IdTournes NbColis
47 6
//IdColis IdCommandeInColis NbProducts IdProd1 QtyProd1 IdProd2 QtyProd2 ...
277 79 32 388 1 449 1 15 1 640 1 524 1 276 1 439 3 554 2 519 1 713 1 433 1 406 4 551 1 70 1 825 1 699 1 552 1 396 2 95 1 68 1 677 1 547 2 402 2 145 1 29 1 586 2 798 1 329 1 459 1 676 1 464 1 504 1
278 80 57 204 1 570 1 584 1 327 1 700 1 412 2 496 1 685 1 771 1 630 1 566 2 423 1 461 2 736 1 473 1 471 1 615 1 111 1 843 1 59 1 609 1 610 1 186 1 434 2 176 1 468 1 355 1 165 1 499 1 769 1 682 1 517 3 689 2 96 1 408 3 534 1 348 1 375 1 845 2 416 1 389 1 382 1 443 1 50 1 46 1 644 1 548 1 600 1 705 1 185 1 599 1 446 1 379 2 760 3 729 1 578 1 369 2
279 80 43 343 1 378 2 363 1 731 1 766 1 131 1 113 1 422 2 99 1 190 1 734 1 513 1 684 1 894 2 786 2 755 1 528 2 569 2 698 1 209 1 617 2 350 1 400 1 502 2 575 2 54 2 628 1 387 3 638 1 574 2 448 3 167 1 603 4 138 1 632 1 648 2 500 1 758 2 243 1 768 2 848 1 579 2 3 1
280 80 43 890 1 388 3 449 3 526 1 139 1 680 1 582 1 439 4 539 1 616 1 519 1 650 2 713 2 28 1 732 1 892 1 433 1 44 1 457 1 79 1 681 1 406 1 844 1 553 2 136 1 552 1 396 3 429 1 231 1 392 1 72 1 39 1 145 1 662 3 596 2 656 1 521 3 537 1 523 1 501 2 759 1 504 1 545 3
281 81 55 352 1 602 1 343 1 378 1 917 1 163 1 103 2 655 1 235 1 24 1 172 1 527 1 184 1 702 1 663 1 479 1 419 1 913 1 423 1 119 1 887 1 533 1 610 1 624 1 385 1 689 1 6 1 557 1 690 1 534 2 375 1 487 1 130 1 563 1 562 1 784 1 122 1 115 1 456 2 472 1 577 1 228 1 644 1 185 1 88 1 399 1 446 1 751 1 729 1 578 1 448 1 106 1 450 1 187 1 345 1
282 81 45 293 1 792 1 524 1 582 4 539 1 616 1 554 1 99 2 713 1 787 1 790 1 33 1 458 2 117 1 530 1 433 1 681 1 598 1 786 1 10 1 793 1 735 1 442 1 618 1 569 1 552 1 397 1 350 2 502 1 95 1 435 1 402 2 529 1 145 2 514 1 490 1 425 1 403 1 174 1 546 1 662 1 85 1 723 1 459 2 291 1
//IdTournes NbColis
48 6
//IdColis IdCommandeInColis NbProducts IdProd1 QtyProd1 IdProd2 QtyProd2 ...
283 82 48 443 1 738 3 643 1 475 1 347 1 509 1 412 1 463 1 661 1 30 1 600 1 522 1 423 1 725 1 185 1 237 1 476 2 132 1 218 1 36 1 399 2 446 2 473 1 776 1 597 1 339 1 376 1 332 1 360 1 371 1 206 1 474 1 336 1 507 1 610 1 540 1 373 1 624 1 385 2 517 3 689 1 96 1 414 2 367 1 130 1 505 2 563 3 382 1
284 82 48 413 2 128 1 388 1 449 1 15 1 172 1 524 1 439 1 324 1 190 1 667 1 795 1 778 1 273 1 892 1 555 1 433 1 902 1 595 1 390 1 735 1 629 1 560 1 618 1 698 1 168 1 297 1 400 1 432 1 625 1 559 1 181 1 448 4 202 1 106 1 500 2 199 1 756 1 758 1 104 1 466 3 410 1 85 1 175 1 521 2 525 2 523 2 501 1
285 83 48 205 1 570 1 19 1 475 1 508 1 807 1 193 1 100 1 113 1 479 2 412 1 80 1 117 1 778 1 513 1 684 1 566 2 65 1 736 1 619 1 533 1 615 2 799 1 474 2 541 1 59 1 507 2 350 2 397 1 365 1 355 1 282 2 624 1 387 1 574 1 517 2 603 1 101 4 648 1 500 1 394 1 357 1 403 1 531 1 927 1 174 1 521 2 715 1
286 83 48 813 1 159 1 449 1 50 1 347 1 216 1 651 2 228 1 556 1 77 1 812 1 424 1 259 1 458 3 530 1 737 2 614 1 548 2 683 2 157 1 522 1 705 2 595 2 185 1 406 2 551 1 69 1 102 1 446 2 442 1 699 2 480 1 411 1 573 1 516 1 547 1 32 1 402 1 638 1 514 1 520 1 409 1 393 1 203 1 662 2 656 1 404 1 501 1
287 84 53 413 1 378 1 204 1 363 1 438 1 475 1 24 1 191 1 527 1 80 1 314 1 190 1 809 1 565 1 808 1 423 1 482 1 618 1 43 1 541 2 350 1 544 1 558 1 575 1 54 1 225 1 730 1 435 1 385 1 427 1 517 3 101 1 445 1 138 1 38 2 414 1 116 1 93 1 898 1 521 1 464 1 562 1 50 2 456 1 451 1 405 1 637 1 53 1 511 1 582 1 651 1 428 1 644 1
288 84 33 463 1 703 1 900 1 157 2 498 1 705 1 237 1 551 1 102 1 399 1 446 2 597 1 318 1 371 1 699 1 906 1 488 1 95 1 68 1 369 1 392 1 547 1 123 1 746 1 39 1 462 1 490 2 466 1 85 1 723 1 501 1 545 1 3 1
//IdTournes NbColis
49 6
//IdColis IdCommandeInColis NbProducts IdProd1 QtyProd1 IdProd2 QtyProd2 ...
289 85 49 702 1 412 1 613 1 543 1 661 2 255 2 823 1 604 1 444 3 542 1 720 1 43 1 615 1 590 1 474 1 489 1 541 1 365 1 517 2 689 1 414 1 898 1 375 1 743 1 505 1 562 1 50 1 122 1 456 1 644 1 548 2 522 1 705 1 665 1 36 1 88 1 399 1 446 1 597 1 411 1 540 1 578 1 448 1 462 2 106 2 104 1 466 1 175 2 802 1
290 85 50 413 3 378 1 103 1 508 1 235 1 527 1 113 2 735 2 622 1 618 1 4 2 569 1 660 1 209 1 617 1 350 1 881 1 403 1 410 2 116 1 521 2 405 1 539 1 554 1 713 1 424 1 458 2 530 2 555 1 598 1 390 2 406 1 69 1 553 1 629 1 136 1 906 1 392 1 547 1 581 1 61 1 746 1 181 1 477 1 656 1 188 1 877 1 501 2 504 1 824 1
291 86 54 602 2 342 1 438 1 163 1 807 1 129 1 527 1 126 2 415 1 113 1 702 2 663 1 108 1 479 1 613 1 120 1 913 1 65 1 735 1 114 1 182 1 4 2 660 1 590 1 620 1 297 1 474 1 541 1 617 1 646 1 397 1 544 1 75 1 325 1 557 1 531 1 116 1 521 2 505 1 627 1 738 1 34 1 687 1 142 1 139 1 582 1 554 1 428 1 492 1 713 1 147 1 424 1 458 2 530 1
292 86 28 585 2 433 1 79 1 902 1 218 1 36 1 88 1 406 1 699 1 576 1 97 1 396 2 628 1 369 1 448 1 202 1 106 1 514 1 632 1 693 1 707 1 662 1 85 2 404 1 549 1 501 2 504 1 20 1
293 87 52 352 2 378 1 71 1 807 1 172 1 460 1 184 1 415 1 113 1 324 1 702 1 314 1 190 1 467 1 630 1 117 1 485 1 256 1 482 1 528 1 660 2 43 1 536 1 610 1 625 1 107 1 502 1 559 1 624 2 607 1 574 1 63 1 38 1 325 1 408 2 919 1 534 1 116 1 93 1 579 2 743 1 505 2 240 1 382 1 389 1 903 1 643 1 50 1 139 1 82 1 405 1 582 2
294 87 33 651 1 554 1 556 1 519 1 224 1 424 1 658 1 530 1 548 2 457 1 705 1 185 1 390 1 686 1 69 1 597 1 762 1 512 2 488 1 760 1 364 1 392 1 593 1 448 2 741 1 688 1 199 1 490 1 466 1 175 1 525 1 501 2 545 1
//IdTournes NbColis
50 6
//IdColis IdCommandeInColis NbProducts IdProd1 QtyProd1 IdProd2 QtyProd2 ...
295 88 56 413 1 204 1 508 1 655 1 766 1 719 1 113 1 324 1 509 1 58 1 479 1 422 2 190 1 899 1 778 1 513 1 684 2 114 1 43 1 168 1 209 1 541 2 308 1 350 1 507 1 400 1 726 1 365 1 575 2 282 1 624 1 247 1 852 1 325 1 408 1 174 1 410 1 579 2 130 1 627 1 738 1 903 1 49 1 122 1 115 1 227 1 564 1 380 2 577 1 539 1 713 1 664 1 458 2 737 2 732 1 548 1
296 88 27 683 2 555 1 44 1 433 1 279 1 391 1 595 2 598 1 334 1 515 1 512 1 480 2 516 1 364 1 319 1 547 1 709 1 106 1 654 1 490 1 143 1 409 1 436 2 537 1 3 1 300 1 501 1
297 89 54 105 1 35 1 363 1 475 1 24 1 460 1 415 1 702 3 543 1 734 1 117 2 604 1 423 1 482 1 4 1 799 1 536 1 434 1 107 1 502 1 156 1 316 1 769 1 296 1 445 1 220 1 531 1 767 1 367 1 521 1 523 1 505 1 563 2 562 1 784 1 443 1 128 1 687 1 122 1 526 1 456 1 53 2 582 1 554 1 556 1 650 1 828 1 701 1 664 1 458 2 148 1 433 1 197 1 221 1
298 89 13 480 1 512 1 432 1 911 1 746 1 462 2 245 1 514 2 409 1 69 1 175 3 446 1 321 1
299 90 55 204 1 163 1 24 1 191 1 527 2 415 1 509 1 190 1 910 1 119 1 897 1 473 1 52 1 528 1 4 2 471 1 533 1 615 1 728 2 716 1 590 1 484 1 617 1 397 1 536 1 37 1 186 1 192 1 362 1 54 1 624 1 572 1 769 1 499 1 574 1 517 2 220 1 96 1 394 1 410 1 579 3 166 1 329 1 521 2 563 1 464 1 389 1 366 1 704 1 46 1 53 1 554 1 428 2 914 1 458 3
300 90 28 658 1 585 1 44 1 238 1 522 1 237 1 221 1 339 1 668 1 371 1 762 1 906 1 760 1 578 1 628 1 392 1 581 1 265 1 39 1 167 1 202 1 514 2 641 1 490 1 345 1 893 1 549 1 501 1
//IdTournes NbColis
51 6
//IdColis IdCommandeInColis NbProducts IdProd1 QtyProd1 IdProd2 QtyProd2 ...
301 91 53 35 1 257 1 509 2 66 1 661 1 117 1 696 1 45 1 344 1 114 1 761 1 720 1 670 1 507 1 610 1 400 1 362 1 571 1 278 1 385 1 89 1 427 1 517 1 689 1 38 1 408 2 531 1 116 1 93 1 579 2 523 1 715 1 464 1 382 1 738 1 811 1 128 1 49 2 526 1 196 1 216 1 82 1 616 1 424 1 458 1 929 1 522 1 88 1 69 1 121 1 906 2 154 1 516 2
302 91 10 709 1 448 2 514 1 490 1 432 1 891 1 911 1 32 1 286 1 265 1
303 92 52 105 1 885 1 233 1 257 1 420 1 94 1 865 1 509 1 479 1 467 1 256 1 736 1 735 1 320 1 528 1 484 1 550 1 397 2 186 1 434 1 107 1 930 2 517 1 101 1 91 1 357 1 408 1 243 1 531 1 410 1 523 1 505 1 826 1 563 1 34 1 98 1 366 1 754 1 122 1 704 1 22 1 53 1 530 1 236 1 548 1 341 1 185 1 390 1 442 1 379 1 699 1 374 1
304 92 10 490 2 450 1 576 1 768 1 729 1 175 1 628 1 911 1 392 1 740 2
305 93 52 343 1 378 1 413 1 570 1 438 1 233 1 527 2 613 2 661 1 918 1 256 1 481 1 344 1 114 1 52 1 618 1 716 1 206 1 533 1 474 1 489 1 431 2 434 2 107 1 571 1 575 1 559 1 435 1 572 1 165 1 195 1 529 1 408 1 579 2 398 1 505 1 563 1 562 1 510 1 122 1 115 1 582 1 524 1 28 1 463 1 614 1 595 1 598 1 36 1 118 1 406 1 446 1
306 93 20 154 1 512 1 540 1 516 2 770 1 578 1 369 1 666 1 229 1 402 1 709 1 167 1 688 1 490 1 662 1 85 1 442 2 135 1 549 1 545 2
//IdTournes NbColis
52 6
//IdColis IdCommandeInColis NbProducts IdProd1 QtyProd1 IdProd2 QtyProd2 ...
307 94 47 602 1 313 1 142 1 227 1 655 1 420 1 651 1 556 1 874 1 383 1 880 1 120 1 419 1 530 1 494 1 503 1 522 1 132 1 221 1 551 1 442 1 829 1 878 1 52 1 889 1 4 1 209 1 200 1 480 1 512 1 884 1 362 1 107 1 886 1 559 2 32 1 229 1 1 1 514 2 879 1 882 1 531 2 436 1 437 1 694 1 883 1 521 1
308 95 33 840 1 363 1 885 1 172 1 126 1 719 1 80 1 424 1 458 2 567 1 185 1 442 1 182 1 629 1 618 1 660 1 533 1 397 1 610 1 75 1 760 1 95 1 429 1 575 1 601 1 385 1 89 1 106 1 490 1 189 1 345 1 521 1 3 1
309 96 51 342 1 602 1 71 1 235 1 129 1 527 1 422 1 66 1 613 1 444 1 482 1 528 1 541 1 397 1 507 2 373 1 165 2 385 1 101 1 394 1 408 1 531 1 521 1 627 1 34 1 366 1 122 1 456 1 451 1 144 1 524 1 228 1 530 1 548 1 433 1 390 1 406 1 551 1 442 1 532 1 263 1 512 1 488 1 95 1 547 1 40 1 106 1 85 1 175 2 525 1 3 2
310 97 47 352 1 465 2 413 2 103 1 924 1 647 1 451 1 637 1 582 1 817 1 126 2 113 1 92 1 713 1 424 2 781 1 237 1 923 1 132 2 390 1 925 1 119 2 922 2 52 1 635 1 297 1 209 1 515 1 646 1 154 1 397 1 75 2 68 1 229 2 607 1 448 2 517 3 690 2 673 2 586 1 926 1 596 1 130 1 893 1 521 1 382 2 504 1
311 98 16 206 1 920 1 327 1 397 4 381 1 184 1 190 2 921 1 517 1 296 1 737 2 433 1 683 3 466 2 416 1 493 1
312 99 33 352 2 936 1 924 1 647 1 216 1 126 2 131 1 113 1 721 1 548 1 565 1 132 1 446 2 518 1 753 1 154 1 397 1 411 1 75 1 760 1 468 1 558 1 729 1 32 1 229 2 574 1 639 1 296 1 38 1 928 1 408 2 937 1 695 1
//IdTournes NbColis
53 6
//IdColis IdCommandeInColis NbProducts IdProd1 QtyProd1 IdProd2 QtyProd2 ...
313 100 34 936 2 731 2 53 1 216 1 651 2 817 1 659 1 126 1 935 1 422 2 931 2 781 2 238 1 565 1 933 1 237 1 923 1 132 1 481 1 925 1 154 1 397 1 75 1 558 1 229 1 574 1 934 1 797 1 928 1 149 1 937 2 767 1 803 1 932 1
314 101 31 34 2 122 1 216 1 126 1 324 2 713 1 190 1 943 2 548 1 44 2 925 1 119 1 69 1 846 1 939 1 940 1 111 2 488 2 37 1 938 1 558 1 32 1 607 1 639 1 325 1 690 1 403 1 149 2 410 1 937 1 188 1
315 102 13 413 2 122 1 75 1 506 1 942 1 574 1 38 1 425 1 531 1 586 1 69 1 288 1 521 2
