//NbTournees
53
//IdTournes NbColis
1 6
//IdColis IdCommandeInColis NbProducts IdProd1 QtyProd1 IdProd2 QtyProd2 ...
1 1 54 686 1 519 1 406 1 373 1 128 1 769 1 389 2 446 1 104 1 1 1 399 1 120 1 88 1 539 1 185 1 44 1 393 1 90 1 717 1 76 1 444 1 385 1 553 1 505 2 641 1 53 1 414 1 182 1 563 1 650 1 99 1 17 1 616 1 517 2 54 2 78 1 640 1 533 1 425 1 631 1 464 1 576 1 408 1 521 1 121 1 348 1 448 4 412 1 487 1 43 2 103 1 735 1 342 1 677 1
2 1 43 24 1 96 1 4 2 597 1 527 1 609 1 522 1 738 1 422 1 101 1 459 1 117 1 57 1 64 1 94 1 501 1 746 1 471 1 184 1 107 2 190 1 502 2 598 1 624 2 376 1 443 1 593 1 413 2 102 1 542 2 95 1 410 1 181 2 386 1 582 2 579 1 614 1 644 3 105 2 617 1 486 1 462 1 390 1
3 1 21 394 2 62 1 98 1 709 1 434 1 546 1 786 1 545 1 578 1 558 1 566 1 466 2 110 1 293 1 127 1 560 1 10 1 89 1 42 1 906 2 375 1
4 2 49 768 1 808 1 26 1 686 2 346 1 423 1 716 2 670 1 37 1 451 1 66 1 397 1 72 1 32 1 797 1 343 2 953 1 661 1 550 1 700 1 452 1 297 1 531 1 113 1 88 1 44 1 887 1 868 1 957 1 628 2 385 1 503 1 505 1 414 2 85 1 475 2 468 1 483 1 604 1 47 1 321 1 959 1 533 3 783 1 741 2 687 2 728 1 645 1 408 3
5 2 47 96 1 555 1 507 1 68 1 852 1 685 1 114 1 363 1 82 1 421 2 565 1 758 1 602 2 364 1 488 1 428 1 520 1 647 1 865 1 779 1 850 1 439 2 542 1 575 1 784 1 369 1 660 3 416 2 495 1 410 1 499 1 800 1 458 2 540 2 579 1 463 1 544 1 721 2 946 1 644 1 710 1 18 1 40 2 570 1 486 1 122 2 229 1
6 2 46 514 1 165 1 479 1 790 1 381 1 112 1 791 1 167 1 445 2 345 1 480 2 71 1 610 1 501 1 406 1 256 1 184 1 107 2 41 1 319 1 624 5 446 4 759 1 906 1 411 1 849 1 1 1 729 1 362 1 115 1 564 1 635 1 539 1 529 2 158 1 632 1 620 2 432 2 571 1 665 2 91 1 742 1 357 1 402 1 352 1 525 2
//IdTournes NbColis
2 6
//IdColis IdCommandeInColis NbProducts IdProd1 QtyProd1 IdProd2 QtyProd2 ...
7 2 47 663 1 688 1 61 1 534 2 527 2 802 1 485 1 715 2 422 2 720 1 603 1 616 1 404 1 204 1 702 3 78 1 471 2 433 1 691 2 75 1 913 1 482 1 574 2 443 1 376 1 681 2 36 1 121 1 548 1 431 1 615 3 46 2 552 1 554 3 95 1 181 2 630 1 103 1 378 1 582 2 69 1 766 1 793 1 617 2 956 1 536 1 92 1
8 2 26 4 2 609 1 522 3 456 2 528 1 530 2 595 1 235 1 490 1 709 1 511 2 566 2 466 2 80 1 392 4 773 1 74 1 58 1 79 1 958 2 657 1 50 2 63 1 371 1 752 1 339 1
9 3 41 116 1 547 3 322 1 592 1 563 3 31 1 716 1 481 2 504 2 29 1 451 2 70 1 397 6 373 1 328 1 366 2 389 1 549 1 556 1 343 1 661 2 374 3 83 1 831 1 399 3 455 1 347 1 531 1 113 1 653 1 887 1 840 1 461 2 90 1 444 1 385 1 577 2 503 2 19 1 505 1 815 1
10 3 32 555 1 398 1 573 1 693 1 333 1 364 3 326 1 255 1 23 2 154 1 746 1 880 1 356 2 124 1 820 1 408 7 2 1 257 1 439 3 387 1 48 1 784 1 600 1 416 3 491 2 194 1 666 1 721 1 644 4 55 1 570 1 334 1
11 3 41 514 3 551 1 569 2 191 1 350 1 479 3 743 1 421 3 14 1 758 3 740 2 381 1 791 1 652 1 480 1 8 1 782 1 501 4 324 1 406 1 256 1 168 1 405 1 769 2 5 1 634 1 510 2 434 1 635 1 3 1 529 3 7 1 432 2 786 2 545 1 745 1 742 1 523 1 710 1 775 1 122 2
12 3 33 572 1 534 1 388 3 650 1 667 3 603 1 616 2 903 1 447 1 517 6 78 1 442 1 425 3 433 2 557 5 396 2 186 1 435 1 613 2 446 1 344 1 115 1 188 1 539 1 185 2 708 1 518 1 111 2 500 4 845 2 553 2 641 2 53 3
//IdTournes NbColis
3 6
//IdColis IdCommandeInColis NbProducts IdProd1 QtyProd1 IdProd2 QtyProd2 ...
13 3 29 164 1 513 1 39 2 715 2 422 6 722 1 56 1 538 1 702 2 664 2 574 3 681 1 521 4 67 2 448 2 864 2 46 1 476 2 6 1 35 1 512 1 378 1 103 1 766 1 331 4 781 2 20 2 735 1 723 2
14 3 35 522 2 638 1 595 2 272 1 38 1 471 1 236 1 75 1 16 1 351 3 502 2 596 3 598 2 77 2 413 2 394 1 875 1 709 6 106 3 95 2 492 1 751 1 386 1 578 3 582 2 697 2 392 1 417 1 614 1 449 3 79 1 238 1 50 1 371 2 254 1
15 3 5 902 1 732 2 562 3 752 1 367 1
16 4 43 159 1 116 1 453 1 547 1 165 2 656 1 183 1 26 1 350 1 534 2 388 3 423 1 734 1 504 2 167 1 397 1 567 1 33 1 406 3 373 1 389 2 319 1 556 1 52 2 193 1 446 3 109 1 455 1 399 2 120 1 115 2 531 2 188 1 498 1 708 1 111 1 461 1 76 1 91 1 444 1 500 2 628 2 53 1
17 4 43 398 1 561 1 754 2 513 3 738 1 60 2 422 2 9 1 17 1 469 1 750 1 447 1 517 1 442 2 533 1 433 1 234 1 124 1 482 1 521 2 733 1 474 1 448 1 476 1 43 1 416 1 12 1 103 1 65 1 163 1 13 1 491 1 526 1 658 1 581 1 537 1 457 1 331 2 189 1 18 1 617 2 15 1 390 1
18 4 39 68 1 947 1 81 1 419 2 30 1 56 1 101 3 445 1 538 1 428 1 702 2 236 1 821 1 237 1 820 1 598 1 45 1 825 1 520 1 413 2 410 1 495 1 95 1 386 1 253 1 392 1 335 2 773 1 224 1 417 1 614 1 544 1 449 2 523 1 105 2 798 1 122 3 629 1 229 2
//IdTournes NbColis
4 6
//IdColis IdCommandeInColis NbProducts IdProd1 QtyProd1 IdProd2 QtyProd2 ...
19 4 43 652 2 368 1 235 1 71 2 501 2 541 1 184 1 893 1 497 1 596 1 624 1 126 1 336 1 833 1 73 1 411 2 394 1 842 1 467 2 875 1 106 3 59 1 434 2 594 1 93 1 635 1 3 2 22 1 632 1 786 1 199 1 736 1 157 1 21 1 80 1 571 1 732 2 714 2 10 1 424 3 227 1 525 1 752 1
20 5 40 159 1 116 1 547 2 563 1 85 1 686 2 31 1 346 1 689 1 504 1 962 1 469 1 451 1 66 1 397 2 296 1 621 1 783 1 23 3 373 2 366 1 389 1 408 1 318 1 647 3 399 3 455 1 120 2 531 1 477 2 76 1 444 4 628 4 577 3 384 2 503 1 19 1 713 1 505 1 881 1
21 5 41 507 1 398 2 551 2 114 1 421 1 738 2 693 1 580 1 326 2 428 1 382 2 64 1 746 1 141 1 675 1 429 1 516 1 102 1 34 1 439 1 542 2 369 2 660 1 416 2 410 1 499 2 355 2 705 3 540 2 358 1 463 1 721 1 644 2 710 2 523 1 18 2 40 1 535 1 671 1 122 2 229 1
22 5 42 165 1 409 1 479 1 427 3 790 1 350 3 725 1 859 1 565 1 418 1 519 1 317 1 602 1 445 1 822 1 345 1 480 1 682 1 71 2 501 1 168 2 319 1 624 4 759 1 336 1 411 1 59 1 564 1 3 3 158 1 7 1 632 1 803 3 745 1 742 1 25 1 338 2 402 5 785 1 424 1 352 1 525 2
23 5 32 388 3 198 1 667 1 9 2 87 1 720 1 204 1 517 6 54 1 433 1 425 1 396 2 186 2 473 1 905 1 613 1 464 1 574 2 246 1 521 5 695 1 115 2 591 1 448 1 539 1 643 1 91 2 500 4 673 1 683 1 553 3 53 3
24 5 32 359 1 757 1 61 1 788 1 39 1 84 1 101 4 809 1 117 1 762 2 175 3 638 2 272 1 403 1 598 1 376 1 200 1 431 2 615 1 49 2 35 1 315 1 386 1 766 1 392 1 224 1 28 1 449 5 617 1 50 2 515 1 390 4
//IdTournes NbColis
5 6
//IdColis IdCommandeInColis NbProducts IdProd1 QtyProd1 IdProd2 QtyProd2 ...
25 5 20 187 1 394 1 709 1 106 3 276 1 578 1 199 1 558 1 80 1 27 2 737 1 732 1 16 1 351 1 657 1 63 1 596 2 327 1 833 1 375 2
26 6 52 514 1 547 1 689 1 400 1 86 1 519 1 478 1 481 1 567 1 51 1 319 1 389 1 193 1 700 1 455 1 88 1 119 1 108 1 444 2 500 1 123 1 385 2 701 1 673 1 414 1 407 1 468 1 627 2 720 1 621 1 447 1 517 3 23 1 557 1 433 1 124 1 473 2 664 1 100 1 576 1 408 3 521 1 733 1 439 1 46 1 476 1 412 1 6 1 12 1 103 1 378 1 118 2
27 6 49 61 1 398 2 363 1 706 1 513 1 39 1 56 1 428 1 586 1 746 1 471 1 376 1 369 1 554 1 95 1 705 1 392 1 417 1 614 1 50 2 122 1 229 1 551 1 30 1 740 2 791 1 587 1 426 1 590 1 502 1 596 1 126 1 624 1 776 1 336 1 568 1 510 1 106 2 93 1 635 1 3 2 415 1 20 1 125 1 18 1 40 2 617 1 129 1 390 1
28 6 14 7 1 751 1 432 1 545 1 11 1 566 1 325 1 745 1 560 1 338 2 694 1 63 1 97 1 612 1
29 7 49 547 2 191 1 350 1 409 1 423 1 143 1 149 1 601 1 167 1 37 1 397 2 567 1 406 1 128 1 853 1 343 2 446 2 109 1 374 2 912 1 531 2 113 1 620 2 840 1 518 1 628 1 577 2 385 2 503 1 713 1 641 1 453 1 182 1 563 1 534 1 99 1 627 1 483 1 667 1 133 1 9 2 204 1 517 1 621 1 54 1 205 1 442 2 23 1 557 1
30 7 45 61 1 527 1 39 1 715 1 722 1 422 1 117 1 543 1 382 1 404 1 201 1 473 1 613 3 728 1 172 1 408 2 200 1 593 1 698 1 413 2 521 2 67 1 448 2 554 2 43 1 95 1 378 1 458 3 582 2 69 1 380 1 666 1 773 1 417 1 579 1 614 1 20 1 644 2 79 1 523 2 40 1 197 1 450 1 617 1 390 1
//IdTournes NbColis
6 6
//IdColis IdCommandeInColis NbProducts IdProd1 QtyProd1 IdProd2 QtyProd2 ...
31 7 30 96 1 68 1 551 1 530 1 345 1 480 2 324 1 501 1 168 1 173 1 590 1 134 1 126 1 624 1 490 1 411 1 434 1 3 2 158 1 529 1 325 1 466 1 21 1 855 1 391 1 560 1 562 1 424 1 515 3 176 1
32 8 48 159 1 547 3 165 1 182 1 191 1 563 1 350 2 409 1 465 1 31 1 155 1 481 1 167 2 397 1 130 2 517 2 621 1 54 1 78 1 205 1 533 3 406 1 425 1 433 1 186 1 396 2 128 1 389 2 435 1 556 1 52 1 343 1 509 1 446 1 455 1 115 1 531 1 88 1 620 1 518 1 91 1 500 2 628 3 384 1 683 2 845 1 553 2 53 1
33 8 50 171 1 485 1 513 1 333 2 580 1 169 1 404 1 702 2 403 1 471 2 377 1 413 1 472 1 387 1 615 1 369 1 95 1 410 1 355 1 582 2 697 1 705 1 622 2 574 1 408 1 484 1 576 2 731 1 548 2 552 1 412 1 6 1 43 2 512 1 378 1 458 3 526 1 766 2 581 1 666 1 735 1 535 1 450 1 486 1 617 1 334 1 15 1 144 1 92 1 129 1
34 8 49 540 1 335 1 773 1 463 1 579 1 449 2 58 1 79 1 699 3 506 1 515 1 96 1 623 2 82 1 179 1 456 1 530 1 480 1 71 1 195 1 610 1 38 1 501 1 839 2 502 1 596 1 624 1 187 1 411 1 709 2 106 1 511 2 93 1 434 2 564 1 635 1 3 1 158 1 529 2 492 1 558 1 803 1 496 1 402 1 138 1 562 1 424 1 612 1 177 1
35 9 53 514 1 165 1 592 1 191 1 409 1 353 1 346 1 716 1 481 1 601 1 381 1 148 1 167 1 397 1 567 1 618 1 337 1 328 1 556 1 446 2 399 1 452 1 401 4 113 2 539 2 477 1 711 2 202 1 119 1 444 1 628 1 577 1 384 1 679 2 713 1 116 1 572 1 183 1 563 2 534 1 198 1 750 2 447 1 517 5 621 1 54 1 442 2 640 1 433 1 557 1 145 2 186 1 396 2
36 9 49 555 1 114 1 715 2 136 1 422 1 676 1 101 1 117 1 326 2 379 1 586 1 137 1 154 1 471 1 180 1 520 1 659 1 413 4 34 1 387 1 600 1 554 3 495 1 499 1 181 1 392 2 132 1 170 1 644 1 449 2 58 1 473 1 435 1 827 1 687 1 574 1 439 1 348 1 448 3 548 1 6 1 416 1 103 1 380 1 196 1 342 1 450 1 334 1 390 1
//IdTournes NbColis
7 6
//IdColis IdCommandeInColis NbProducts IdProd1 QtyProd1 IdProd2 QtyProd2 ...
37 9 32 507 1 648 1 522 1 718 2 758 2 445 1 528 1 638 1 71 2 195 2 168 1 184 1 541 1 502 3 596 2 411 1 799 1 106 2 3 2 529 2 632 1 492 1 199 1 545 2 157 1 74 1 338 1 10 1 50 2 327 2 424 1 339 1
38 10 53 760 1 514 1 592 1 569 1 479 1 686 1 716 1 734 1 370 1 70 1 33 1 406 1 153 1 405 1 128 1 52 1 559 1 446 1 174 1 401 2 119 1 166 1 444 1 147 1 500 2 123 1 628 1 553 1 713 1 53 1 536 1 116 1 563 1 534 1 388 1 475 2 483 1 667 2 604 1 469 1 162 1 517 3 533 1 640 1 442 1 433 1 728 1 521 2 348 1 474 1 412 3 512 1 537 1
39 10 47 24 1 555 1 178 1 164 1 61 1 551 1 685 1 754 2 706 1 513 1 522 1 421 1 738 1 422 2 758 1 693 1 101 4 528 1 530 2 652 1 175 1 638 2 595 1 195 2 139 1 471 1 45 1 413 1 542 1 369 1 554 2 95 1 410 3 181 1 386 1 392 1 773 1 335 2 358 1 579 1 383 1 721 1 170 1 449 1 710 1 780 1 122 1
40 10 19 73 2 729 1 467 1 106 1 564 1 3 2 786 1 665 1 38 1 587 1 501 3 372 1 732 1 134 1 502 1 596 1 138 1 624 1 42 1
41 11 47 514 2 116 1 414 1 183 1 152 1 650 2 400 1 481 1 148 1 370 1 397 2 131 1 33 1 162 1 517 2 142 1 442 2 145 1 396 2 741 1 556 1 193 2 446 1 687 1 703 1 574 1 521 2 399 1 452 1 439 1 188 1 531 1 113 2 185 1 778 1 43 1 660 2 708 1 378 1 163 1 658 1 666 1 500 2 628 1 146 1 189 1 553 1
42 11 49 61 1 398 1 597 1 114 1 754 1 715 2 722 1 101 1 117 2 586 1 154 1 520 1 413 2 615 1 410 1 499 1 684 1 355 1 582 3 705 1 194 1 335 1 417 1 644 2 79 1 515 2 96 1 507 1 757 2 156 1 68 1 551 2 522 1 602 1 135 1 530 1 595 2 71 1 195 1 38 2 501 1 168 1 184 1 541 1 16 1 192 1 677 1 617 1 334 2
//IdTournes NbColis
8 6
//IdColis IdCommandeInColis NbProducts IdProd1 QtyProd1 IdProd2 QtyProd2 ...
43 11 15 490 2 411 2 106 2 635 1 3 2 651 1 646 1 21 1 190 1 402 1 562 1 624 2 424 1 612 1 833 1
44 12 56 350 1 427 1 686 1 519 1 481 1 381 1 670 1 451 1 397 1 682 1 567 1 128 1 556 2 193 1 446 1 661 1 344 1 399 2 452 1 347 1 591 1 88 1 539 1 498 1 518 1 444 2 160 1 357 1 577 2 146 1 701 1 505 1 553 1 414 1 572 3 563 1 465 1 130 1 616 1 204 1 517 4 205 1 533 1 783 1 433 1 396 1 613 1 687 1 728 1 857 1 733 1 448 1 46 1 476 1 412 1 161 1
45 12 39 754 2 513 1 39 1 715 2 56 1 101 1 777 1 141 1 376 1 200 1 593 2 413 1 431 1 615 3 49 1 554 3 378 1 458 3 705 1 392 1 622 1 335 1 463 3 735 1 721 1 150 1 644 2 449 1 18 1 450 1 535 1 105 2 617 1 50 1 775 1 15 2 122 1 506 1 92 1
46 12 31 140 1 648 2 623 1 685 1 522 1 602 1 135 1 445 1 762 1 175 1 480 1 203 1 649 1 77 2 126 2 624 1 626 1 490 1 411 3 860 1 151 1 635 1 3 2 529 2 632 1 651 1 545 1 566 1 80 1 402 2 562 2
47 13 52 191 1 790 1 423 1 524 3 519 1 478 1 753 1 167 1 504 1 397 2 618 1 373 1 193 1 446 1 344 1 452 2 347 1 531 1 185 1 44 1 393 1 518 1 111 1 444 1 500 1 679 1 636 1 553 2 53 1 220 1 116 1 388 3 475 1 430 1 17 1 469 1 750 1 720 1 616 1 447 1 517 4 621 1 433 1 557 1 396 1 664 3 687 1 574 1 484 1 681 1 209 1 439 2
48 13 45 96 2 489 1 551 1 597 1 704 1 513 1 421 1 522 1 39 1 715 1 422 1 207 1 101 3 445 1 117 1 471 1 230 1 387 2 67 1 474 2 46 1 784 1 412 1 6 1 660 1 410 1 512 1 658 1 392 1 666 1 125 1 132 1 218 1 449 3 79 1 18 1 233 1 617 2 50 1 334 1 122 1 619 1 629 1 231 1 390 1
//IdTournes NbColis
9 6
//IdColis IdCommandeInColis NbProducts IdProd1 QtyProd1 IdProd2 QtyProd2 ...
49 13 25 652 1 71 1 38 1 501 1 168 1 426 2 16 1 351 2 596 1 624 1 759 1 655 1 106 3 93 1 434 1 3 2 432 1 751 1 736 1 566 1 338 1 10 1 89 1 210 1 525 1
50 14 47 514 1 760 2 165 2 26 1 427 2 409 1 479 1 686 1 400 1 524 1 601 1 734 1 206 1 148 1 504 1 37 1 397 1 567 1 618 1 406 2 405 1 549 1 559 2 109 1 703 1 344 1 700 1 399 3 452 2 401 1 347 1 531 3 185 2 498 1 643 1 111 1 461 1 717 1 108 1 444 2 357 1 628 1 577 3 701 2 503 2 505 2 553 1
51 14 46 116 1 183 1 563 1 534 2 388 1 475 2 483 1 627 1 667 1 750 1 603 1 616 1 447 1 517 2 533 1 425 1 433 1 557 1 145 1 396 1 435 1 613 2 664 1 509 1 687 2 172 1 408 1 698 1 681 1 521 3 439 2 695 1 731 1 474 1 448 1 864 1 412 1 35 1 416 1 606 1 660 1 512 1 103 1 378 3 53 3 536 1
52 14 46 61 1 398 1 573 1 513 1 706 1 39 1 715 2 136 1 422 1 364 1 326 2 382 1 471 2 746 3 236 1 237 1 429 1 376 1 516 2 413 1 34 2 575 3 431 1 369 1 784 1 554 3 499 1 684 1 386 1 582 2 581 1 824 1 380 1 666 3 457 1 331 1 20 1 342 1 677 1 40 1 535 1 617 1 334 1 15 1 144 1 390 4
53 14 47 96 2 507 2 757 1 551 2 648 1 421 1 522 1 565 1 718 1 532 1 480 1 595 1 610 2 587 1 501 2 190 2 351 1 596 2 624 3 662 1 655 2 362 1 106 3 434 2 564 1 3 1 529 1 632 1 492 1 545 1 69 1 392 2 571 2 335 3 579 1 383 1 132 1 449 4 560 1 58 1 523 1 710 1 402 3 599 1 562 1 229 1 629 1
54 14 5 42 2 227 1 424 1 525 1 752 1
//IdTournes NbColis
10 6
//IdColis IdCommandeInColis NbProducts IdProd1 QtyProd1 IdProd2 QtyProd2 ...
55 15 50 569 1 479 3 686 1 524 1 716 1 148 1 226 1 922 1 567 1 33 1 406 1 389 1 556 1 912 1 174 1 550 1 455 1 120 1 539 2 185 1 620 1 44 1 708 1 119 2 461 2 76 1 444 1 500 2 123 1 577 2 701 1 503 2 553 1 53 1 116 2 183 1 563 2 388 1 561 1 9 2 29 1 130 1 517 1 621 1 442 1 533 2 557 1 396 1 473 2 508 1
56 15 44 573 2 802 1 738 1 715 2 459 1 364 1 117 2 403 1 471 1 863 1 664 2 232 1 687 2 172 1 464 1 429 1 376 1 516 1 520 1 521 2 615 3 46 1 554 1 43 1 660 1 410 1 12 1 181 1 386 2 582 2 526 2 69 2 658 1 537 1 540 1 224 1 335 1 614 1 189 1 723 1 40 1 450 1 617 2 390 1
57 15 36 96 1 507 1 68 1 551 2 81 1 522 1 740 1 456 2 532 1 528 1 184 1 426 1 126 1 624 2 490 2 709 1 106 1 3 2 529 2 545 1 566 1 571 1 665 1 745 1 74 1 391 1 217 1 449 2 560 1 699 1 780 1 138 1 562 1 122 2 424 1 525 1
58 16 47 414 2 453 1 547 3 572 1 688 1 479 1 686 1 388 3 346 1 400 1 423 1 99 1 468 1 724 1 519 1 667 2 143 1 481 1 148 1 37 1 397 1 720 1 567 1 130 1 223 1 447 1 517 3 618 1 442 1 406 1 193 1 559 1 344 1 531 2 539 2 212 1 643 1 211 1 76 1 108 1 500 1 577 1 628 1 385 2 146 1 815 1 53 1
59 16 42 215 1 398 1 114 1 573 3 802 1 513 1 136 1 422 3 951 1 207 1 101 2 333 1 459 1 326 1 23 1 471 2 557 1 145 1 396 3 821 1 435 1 820 1 687 1 598 2 464 1 825 1 376 1 484 1 200 1 520 1 521 2 439 2 542 1 474 1 548 1 369 1 342 1 18 1 535 1 454 1 486 2 92 1
60 16 46 140 1 421 2 718 1 445 1 528 1 822 1 652 1 175 1 480 1 71 1 27 1 610 2 195 1 587 1 501 2 324 1 541 1 134 1 596 1 624 1 336 2 411 2 62 1 729 1 467 1 362 1 106 2 635 1 554 1 3 2 529 2 582 1 669 1 358 1 544 1 449 2 644 1 79 1 105 1 50 1 798 3 122 1 371 1 629 1 229 1 801 1
//IdTournes NbColis
11 6
//IdColis IdCommandeInColis NbProducts IdProd1 QtyProd1 IdProd2 QtyProd2 ...
61 16 9 803 1 767 1 420 1 10 1 402 2 7 1 562 2 440 1 525 1
62 17 42 159 1 514 1 116 2 414 2 547 2 572 1 592 1 569 2 479 1 686 1 689 2 418 3 734 1 206 1 451 1 397 3 32 1 797 1 406 3 405 1 769 1 549 1 559 1 446 1 104 1 654 1 700 1 399 1 452 2 591 1 531 1 539 1 185 2 643 1 119 1 436 6 166 1 385 1 146 1 683 1 19 2 505 3
63 17 39 555 3 183 1 534 1 597 2 650 2 561 1 475 1 967 1 468 1 627 2 625 1 29 1 616 2 162 1 517 4 54 1 442 1 533 1 433 1 145 1 435 1 613 3 172 2 219 2 408 1 521 3 548 1 474 1 448 1 476 1 660 4 416 1 65 1 800 2 380 1 457 1 450 1 617 1 15 1
64 17 47 24 1 685 2 648 2 527 3 609 1 754 2 485 1 565 1 740 1 602 1 364 1 791 1 528 1 530 2 345 3 543 1 379 3 595 2 404 2 488 1 610 1 403 2 38 2 587 1 608 1 376 1 593 1 520 2 615 1 431 1 369 1 554 1 684 1 181 1 669 1 392 2 213 1 222 1 132 1 644 1 79 1 238 1 105 1 50 2 462 1 228 1 470 1
65 17 34 501 1 324 1 184 1 502 3 497 1 77 1 126 2 624 1 662 1 759 1 626 1 375 2 490 4 799 1 362 1 93 1 546 1 3 1 751 1 432 2 545 1 558 1 325 2 466 2 21 1 80 1 110 1 796 1 571 1 349 1 732 1 402 2 63 2 365 1
66 18 55 832 1 760 2 547 1 165 1 592 2 569 1 191 1 409 1 479 1 427 1 725 1 689 1 221 1 418 1 143 1 734 1 753 1 167 1 962 1 451 1 370 1 397 1 618 1 797 1 406 1 405 1 366 1 556 1 343 1 446 3 104 1 374 1 174 1 700 1 399 2 401 1 115 1 531 2 188 1 88 1 539 2 44 1 111 2 717 1 76 1 444 2 628 1 146 1 679 1 673 1 641 3 116 2 563 2 183 1 964 1
//IdTournes NbColis
12 6
//IdColis IdCommandeInColis NbProducts IdProd1 QtyProd1 IdProd2 QtyProd2 ...
67 18 49 483 1 667 1 604 1 29 1 204 1 621 1 447 1 517 2 208 2 78 1 533 1 557 1 425 1 234 1 186 1 396 1 905 1 435 1 509 1 913 1 464 1 482 1 645 1 408 2 576 1 521 2 830 1 973 1 439 1 67 1 548 3 448 2 214 2 607 1 412 3 43 1 416 2 161 1 512 1 807 1 630 2 491 1 793 1 380 2 814 1 781 2 719 1 196 1 535 2
68 18 48 555 3 507 1 68 1 597 1 648 1 623 2 573 1 802 1 216 1 39 1 718 2 422 2 437 1 740 2 602 1 445 1 117 2 652 2 480 2 638 1 235 1 702 1 139 1 64 1 471 1 494 1 819 2 598 1 376 1 659 1 575 1 542 1 230 1 615 1 784 1 369 1 554 3 684 1 582 1 697 1 705 1 540 3 463 1 449 1 371 2 144 1 92 1 619 2
69 18 37 595 3 71 1 541 1 502 1 893 1 225 1 649 1 596 1 497 1 126 1 624 2 833 1 411 2 568 1 394 2 362 1 511 1 564 1 635 1 434 2 3 2 529 2 7 1 432 2 578 1 11 1 736 1 325 1 293 1 714 1 10 1 402 1 89 1 696 2 424 1 339 1 818 2
70 19 50 569 1 191 1 409 1 427 2 240 1 31 1 743 1 519 1 601 1 167 1 504 1 397 1 567 1 33 1 406 1 797 1 405 1 589 1 328 2 769 2 193 1 446 1 374 1 700 1 401 2 115 1 188 1 185 2 393 1 708 1 518 1 166 1 717 1 444 2 500 1 357 1 577 2 123 1 701 1 553 2 53 1 182 1 627 1 667 1 604 1 130 1 603 3 204 1 517 2 54 2
71 19 44 215 1 61 1 398 1 513 1 715 1 422 3 101 2 459 1 364 1 117 2 255 2 382 1 442 1 403 1 64 1 433 1 557 1 435 3 741 1 509 1 482 1 574 2 376 1 443 1 484 1 520 1 681 2 521 2 439 1 974 1 474 2 607 1 552 3 813 1 778 1 12 1 512 1 378 1 380 1 781 1 415 2 735 1 192 1 617 1
72 19 46 24 2 359 1 68 1 623 1 421 1 522 1 179 1 968 1 530 1 822 1 175 1 71 1 38 1 501 2 107 1 590 1 502 1 596 1 336 1 659 1 849 1 413 2 394 1 467 1 106 2 672 1 554 1 3 2 95 1 410 1 7 1 786 1 545 1 582 1 325 1 566 2 705 1 80 1 392 1 358 2 349 1 132 1 218 1 122 2 250 1 229 1
//IdTournes NbColis
13 6
//IdColis IdCommandeInColis NbProducts IdProd1 QtyProd1 IdProd2 QtyProd2 ...
73 19 6 745 1 599 1 252 1 424 1 525 1 752 1
74 20 50 547 1 479 1 790 1 686 1 31 1 155 1 689 2 143 1 149 1 481 1 601 2 381 1 504 1 70 1 397 2 337 1 389 1 769 1 556 1 104 1 831 1 550 1 399 1 115 1 591 1 241 1 643 1 166 1 108 1 147 1 500 1 577 2 628 1 385 2 701 1 505 3 553 1 641 4 220 1 534 1 388 4 475 1 627 2 948 1 130 1 616 1 517 2 621 1 54 1 640 1
75 20 44 398 2 597 2 573 1 715 2 364 1 117 2 433 1 880 1 145 1 234 1 396 3 186 1 435 3 728 1 886 1 574 1 408 1 484 1 647 1 521 1 121 1 439 1 607 1 552 1 487 1 778 1 412 1 103 1 630 1 378 2 491 1 526 1 581 2 666 1 331 2 20 2 721 1 342 1 450 1 197 1 486 1 617 2 334 1 144 1
76 20 42 68 1 522 1 639 2 530 1 345 2 326 2 480 2 428 1 255 1 71 1 64 1 501 2 746 1 471 1 141 1 236 1 443 1 413 1 387 1 431 2 615 2 829 1 784 1 369 2 49 1 600 1 554 1 410 1 386 3 253 1 582 1 69 1 392 2 194 1 579 2 383 1 644 2 699 1 105 1 780 1 122 1 629 1
77 20 28 426 1 590 1 134 1 502 1 596 2 776 1 759 1 187 1 411 1 258 1 98 1 709 2 362 1 245 2 106 1 59 1 3 1 158 1 786 2 578 1 742 1 560 1 10 1 785 1 227 1 327 1 525 3 177 2
78 21 45 760 1 514 2 592 1 427 1 409 1 790 1 86 1 149 1 481 2 317 1 734 1 167 2 670 1 370 1 397 1 567 1 239 1 782 1 618 2 797 1 153 1 337 2 128 2 319 1 389 2 556 1 853 1 343 1 446 2 559 3 260 1 374 1 703 1 399 3 452 2 531 3 113 1 653 1 708 1 202 1 643 1 119 1 147 1 628 2 357 1
//IdTournes NbColis
14 6
//IdColis IdCommandeInColis NbProducts IdProd1 QtyProd1 IdProd2 QtyProd2 ...
79 21 42 116 1 414 1 572 2 688 1 388 3 475 1 627 1 198 1 667 1 604 1 9 1 321 1 603 2 204 1 517 3 640 2 533 1 783 1 425 1 885 1 433 1 145 1 396 1 741 2 827 1 435 3 509 1 687 2 645 1 408 3 484 1 246 1 647 2 681 1 521 2 251 1 673 1 701 1 713 2 881 1 53 2 329 1
80 21 44 573 1 754 1 422 4 722 1 248 1 117 1 777 1 586 1 746 1 236 1 819 2 377 1 443 1 376 1 659 1 34 1 850 1 439 2 542 1 387 1 474 4 607 2 369 1 487 1 49 1 554 1 6 1 660 2 416 2 684 1 512 1 807 1 630 1 386 1 800 1 582 4 697 1 581 1 622 2 814 1 666 1 335 1 457 1 781 1
81 21 39 24 2 96 1 648 1 685 1 82 1 704 1 249 1 421 3 419 2 135 1 345 2 175 1 480 2 610 3 38 1 501 1 184 1 107 3 190 1 502 1 893 1 126 1 336 1 833 1 394 1 709 1 362 1 635 1 594 1 3 2 417 1 614 1 383 1 170 1 449 1 523 1 50 2 254 1 515 1
82 21 21 432 2 751 1 786 1 157 1 558 2 325 2 796 1 745 2 372 1 732 1 694 1 560 1 402 4 696 2 97 1 562 2 424 2 352 1 247 1 525 2 818 2
83 22 48 514 1 116 2 547 2 165 2 182 1 563 3 26 1 409 2 479 1 388 3 743 1 475 1 468 1 627 1 418 1 519 1 478 1 625 1 734 1 167 1 469 1 66 2 70 1 397 1 720 1 131 1 32 1 142 1 406 1 405 1 769 1 549 1 193 1 343 1 347 1 185 1 498 1 119 2 76 1 444 1 577 2 628 1 123 1 357 1 251 1 679 2 641 1 536 1
84 22 37 130 1 517 3 621 1 640 2 442 2 533 2 205 1 557 1 396 1 244 1 664 3 172 1 574 1 408 5 521 1 257 1 695 1 448 5 46 1 778 1 412 3 6 1 43 1 416 1 660 1 606 1 378 1 65 1 380 3 415 1 20 1 342 1 40 1 197 1 617 4 144 1 390 2
//IdTournes NbColis
15 6
//IdColis IdCommandeInColis NbProducts IdProd1 QtyProd1 IdProd2 QtyProd2 ...
85 22 36 96 1 61 1 68 1 685 1 754 2 485 2 513 4 39 1 259 1 136 1 207 1 530 1 586 1 471 1 429 1 443 1 376 1 200 1 413 2 431 1 554 3 95 2 582 4 669 1 392 2 194 1 222 1 579 2 730 1 544 1 449 2 644 4 710 1 775 1 629 1 229 1
86 22 36 175 1 235 1 38 1 587 1 168 1 541 1 590 1 502 2 588 1 624 4 73 1 411 1 394 1 709 1 106 3 59 1 564 1 635 1 434 1 3 2 529 1 632 1 157 2 566 1 736 1 558 2 367 1 571 1 665 2 349 1 694 1 402 2 562 2 424 1 352 1 525 2
87 23 49 547 2 165 1 592 2 191 2 808 1 409 2 427 1 686 1 743 1 423 1 524 1 418 1 481 2 226 1 922 1 66 1 397 3 668 1 618 1 256 1 337 2 605 1 556 1 193 1 446 2 953 1 104 1 661 1 344 2 399 1 452 2 115 1 591 1 531 3 188 1 113 1 88 1 539 1 185 2 620 1 711 1 44 1 393 1 111 1 461 1 160 1 500 1 385 1 628 1
88 23 43 414 1 183 1 534 2 388 2 475 1 667 1 604 1 17 1 750 1 720 1 603 1 616 2 447 1 517 4 54 2 442 2 533 2 433 1 885 1 396 1 186 1 664 1 219 1 574 2 521 3 209 1 731 1 474 2 448 4 46 1 552 1 412 2 778 1 660 2 103 1 457 1 331 1 781 1 146 1 679 1 735 1 553 1 342 1
89 23 39 555 1 507 1 61 1 68 1 597 1 114 1 573 2 513 2 39 2 738 2 136 2 422 3 101 2 364 1 326 2 379 1 471 2 746 1 237 1 598 1 443 1 413 4 34 1 575 1 431 1 369 2 554 1 410 1 697 2 705 2 417 1 680 1 132 1 58 1 40 1 105 2 334 3 340 1 390 1
90 23 38 489 1 551 2 648 2 421 1 602 1 652 1 762 2 175 1 610 2 195 1 184 1 541 2 351 1 596 2 624 1 759 1 375 1 811 1 626 1 833 3 362 1 106 1 434 1 594 1 564 2 3 2 529 2 432 1 545 1 566 1 80 1 571 1 694 1 402 1 599 1 97 2 562 1 210 1
//IdTournes NbColis
16 6
//IdColis IdCommandeInColis NbProducts IdProd1 QtyProd1 IdProd2 QtyProd2 ...
91 24 47 116 1 592 1 182 1 85 1 465 1 686 1 475 1 423 1 524 1 468 1 481 2 504 1 670 3 321 1 66 1 397 1 32 1 208 1 533 1 640 1 205 2 337 2 23 2 373 2 389 1 556 1 509 1 559 1 953 1 408 2 816 1 399 4 439 1 531 1 113 1 88 1 817 1 653 2 416 2 660 1 491 1 211 1 76 2 577 1 674 4 636 1 713 1
92 24 45 96 1 555 3 215 1 551 1 573 2 216 1 754 3 421 1 738 2 30 1 639 1 242 2 740 1 139 1 501 1 154 1 624 1 336 1 429 1 520 1 411 1 510 1 655 1 729 1 542 1 59 1 243 1 744 1 3 2 499 1 684 1 632 1 355 1 646 2 622 1 803 2 457 2 730 1 579 1 463 1 862 1 719 1 710 1 402 2 506 1
93 24 46 747 1 572 1 427 1 409 1 790 1 350 1 534 1 725 1 388 4 519 1 667 1 143 1 734 1 381 1 682 2 567 1 130 2 616 1 447 1 517 4 204 1 618 1 54 1 442 2 406 3 256 1 433 1 557 1 761 1 885 3 396 1 186 1 769 2 435 1 905 1 853 1 115 1 539 1 498 1 711 1 748 1 111 2 357 3 641 1 53 2 424 1
94 24 45 757 2 178 1 704 1 485 1 513 1 422 2 722 1 207 1 101 1 530 1 586 1 195 1 203 1 471 1 75 1 351 1 819 1 893 1 596 1 598 1 100 2 833 1 375 1 484 1 413 4 681 2 521 3 448 5 548 1 431 2 49 1 95 1 512 1 630 1 378 1 582 2 69 2 680 2 735 1 132 1 449 1 866 1 238 1 92 1 619 1
95 24 12 799 1 467 1 106 1 732 2 496 1 560 1 93 1 42 1 327 1 736 1 566 2 325 3
96 25 48 572 1 183 1 563 2 26 1 409 1 479 1 475 1 221 1 481 1 504 1 17 1 567 2 903 1 33 1 517 4 618 1 406 1 797 1 23 2 589 1 396 1 186 1 366 3 769 1 435 1 343 2 687 1 104 1 482 1 452 1 733 1 439 1 115 1 348 1 448 1 548 1 113 1 539 1 620 1 518 1 160 1 500 2 123 1 628 1 683 2 553 1 713 1 881 1
//IdTournes NbColis
17 6
//IdColis IdCommandeInColis NbProducts IdProd1 QtyProd1 IdProd2 QtyProd2 ...
97 25 44 489 1 597 1 114 1 485 1 754 1 421 1 738 1 419 2 422 1 437 1 951 1 602 1 56 1 101 1 456 2 404 1 137 1 272 1 141 1 494 1 598 1 429 1 516 1 413 2 607 1 499 1 95 1 512 1 118 1 458 1 163 1 392 1 417 1 735 1 644 1 449 1 523 1 40 2 105 1 617 2 371 1 129 1 515 1 229 1
98 25 36 445 1 175 1 480 1 595 1 71 1 195 1 610 3 94 1 707 1 351 1 502 1 225 1 596 1 126 1 411 1 394 2 655 1 106 2 434 3 3 2 529 2 7 1 199 2 157 1 558 1 902 1 293 1 391 1 560 1 10 1 599 1 63 1 97 1 42 2 352 2 176 1
99 26 48 159 1 116 2 547 1 572 1 165 1 688 1 350 2 427 1 346 1 627 1 418 1 519 1 753 1 397 2 720 1 603 1 637 1 846 1 32 1 782 1 517 3 204 1 54 2 442 1 847 1 395 1 425 1 373 1 389 1 193 1 446 3 559 1 661 1 591 1 531 1 817 1 539 1 241 1 444 1 888 1 628 3 673 1 701 1 674 1 505 2 881 1 53 2 220 1
100 26 48 363 1 527 2 573 1 706 1 39 1 738 1 264 1 422 1 437 1 101 2 333 1 255 1 488 1 154 1 746 1 880 1 141 1 396 2 186 1 435 1 508 1 741 1 613 1 464 1 482 1 574 1 408 2 647 1 521 1 548 3 552 2 813 1 412 1 778 2 6 1 606 1 103 1 378 1 458 1 800 1 189 1 342 1 196 1 40 1 450 1 671 1 617 1 334 1
101 26 50 236 1 675 1 237 1 598 1 267 1 443 1 516 1 200 1 102 1 34 1 542 1 575 1 784 1 49 1 410 1 499 1 355 1 669 1 582 1 69 1 697 1 392 1 224 1 358 1 773 1 417 1 614 1 523 1 699 1 105 2 780 1 263 1 122 1 648 1 522 1 565 1 791 1 530 1 822 1 712 1 368 1 175 2 638 1 610 1 737 2 541 1 590 1 134 1 502 1 624 2
102 26 28 336 1 73 1 490 1 187 1 411 3 799 1 98 1 709 2 106 2 672 1 546 1 3 2 158 1 529 2 651 1 751 1 545 1 325 1 736 1 566 1 803 1 745 1 732 1 338 1 402 2 562 1 97 1 42 1
//IdTournes NbColis
18 6
//IdColis IdCommandeInColis NbProducts IdProd1 QtyProd1 IdProd2 QtyProd2 ...
103 27 48 832 1 768 1 453 1 592 1 183 1 350 1 353 1 686 1 388 4 400 1 524 1 418 1 381 1 441 1 266 1 9 1 17 1 321 1 273 1 370 2 750 1 8 1 637 1 447 1 406 2 797 1 395 1 405 1 389 3 319 1 193 1 446 1 661 2 374 1 115 1 531 1 539 1 185 1 498 1 620 1 241 1 518 1 111 1 717 1 500 2 160 1 265 1 53 2
104 27 39 517 3 162 1 204 1 208 1 205 1 433 1 557 1 145 1 396 3 508 1 771 1 741 1 574 1 408 2 576 2 698 1 647 1 681 2 521 3 733 2 439 2 731 1 448 1 416 2 660 1 526 1 766 2 824 1 332 3 537 1 331 2 781 1 20 2 735 1 946 1 189 1 617 1 619 1 390 2
105 27 36 320 1 171 2 507 1 61 1 685 2 363 2 216 1 738 1 60 1 437 1 207 1 602 1 333 2 101 4 403 2 746 1 237 1 598 1 274 1 659 1 949 1 431 1 369 1 554 1 410 1 582 2 69 1 417 1 579 1 680 1 614 1 449 1 58 1 105 2 50 3 340 1
106 27 28 740 2 175 1 480 2 595 1 610 1 737 1 324 1 596 2 336 1 759 1 73 1 634 1 510 2 362 1 106 3 59 1 511 3 564 1 3 3 578 1 566 1 420 1 732 1 338 3 10 1 252 1 525 3 176 1
107 28 43 768 1 547 1 592 1 563 2 686 2 31 1 423 1 468 1 724 2 604 1 927 1 206 1 504 3 321 1 397 4 32 1 296 1 621 1 533 1 640 1 783 2 270 1 389 1 52 1 271 1 559 1 661 3 399 2 870 1 531 2 113 1 653 3 477 1 393 1 90 1 444 2 108 1 577 1 503 1 265 1 505 2 713 1 815 4
108 28 41 555 1 852 1 754 2 738 2 777 1 379 1 428 1 23 1 772 3 154 2 746 1 509 2 728 1 429 1 516 1 583 1 439 3 850 2 243 1 369 1 660 2 416 2 606 1 499 1 12 1 355 1 65 2 622 2 666 1 335 2 358 1 727 1 909 1 544 2 946 1 644 4 196 1 18 1 570 1 486 1 334 2
//IdTournes NbColis
19 6
//IdColis IdCommandeInColis NbProducts IdProd1 QtyProd1 IdProd2 QtyProd2 ...
109 28 40 514 1 872 1 165 2 551 1 409 2 427 1 400 1 718 1 519 1 758 2 445 1 652 4 480 2 851 1 587 1 282 2 168 1 541 1 184 1 624 1 411 1 307 1 62 1 655 2 729 1 269 1 245 1 434 5 3 1 529 1 432 3 786 1 545 1 803 3 110 1 571 2 338 2 10 1 402 1 506 1
110 28 40 534 2 407 1 149 1 625 1 381 1 9 2 750 1 567 3 517 4 618 2 557 3 761 1 405 1 396 4 186 1 319 1 128 1 435 2 508 1 771 1 664 3 853 1 109 1 260 1 464 2 172 1 482 1 897 1 401 2 115 1 591 1 539 1 185 1 111 2 500 1 357 2 843 1 701 2 845 1 553 2
111 28 43 869 1 485 1 715 1 422 2 722 1 586 1 471 1 821 1 237 1 484 1 413 1 521 3 739 1 121 1 262 1 615 2 214 1 476 1 607 1 412 1 778 3 554 2 35 1 43 1 512 1 161 1 378 1 630 2 103 1 386 1 582 1 526 2 69 1 697 1 766 2 392 2 773 1 224 2 770 1 735 1 723 2 617 2 619 3
112 28 24 757 1 178 1 394 3 648 1 467 1 268 1 844 1 511 2 456 3 528 2 199 1 157 1 595 2 74 1 732 1 449 3 426 1 496 1 699 3 780 1 89 1 893 1 596 1 375 2
113 29 45 760 1 514 3 165 2 569 1 191 1 26 2 409 1 479 1 427 1 350 1 240 1 601 1 955 1 504 2 370 1 66 1 397 1 8 1 637 1 32 1 618 1 270 1 389 1 556 1 52 1 950 1 193 1 343 1 446 1 661 1 897 1 174 2 550 1 344 1 401 1 115 1 531 1 113 1 185 1 498 1 261 1 76 1 444 1 500 1 888 1
114 29 48 283 1 182 1 85 1 388 3 475 1 9 2 750 1 720 1 603 1 447 1 517 2 621 1 162 1 78 1 640 1 533 3 23 1 761 1 557 2 396 2 435 1 508 1 664 1 484 1 681 1 521 2 733 1 439 1 474 1 476 1 607 1 412 1 35 1 43 1 416 1 103 1 65 1 526 1 357 1 385 1 628 2 123 1 673 1 674 1 503 2 505 3 815 1 536 1
//IdTournes NbColis
20 6
//IdColis IdCommandeInColis NbProducts IdProd1 QtyProd1 IdProd2 QtyProd2 ...
115 29 45 555 1 757 2 551 2 81 1 648 1 623 1 754 1 419 1 565 1 422 2 758 1 602 1 101 3 117 1 255 1 702 1 236 1 675 1 516 1 200 1 413 1 34 2 387 1 575 1 369 1 554 2 386 1 69 1 697 1 658 1 392 2 622 1 773 1 335 1 727 1 463 1 383 1 721 1 217 1 644 2 449 2 192 1 196 1 535 1 390 2
116 29 35 445 2 762 1 652 3 27 1 195 1 756 1 282 1 501 1 324 1 168 1 541 1 596 1 662 2 624 1 336 1 375 2 73 1 394 2 655 1 98 1 709 2 106 2 434 1 564 1 3 1 529 2 7 1 632 2 566 1 325 4 420 1 89 1 562 1 42 1 424 1
117 30 42 514 2 547 2 322 1 182 1 191 1 563 2 409 1 790 1 743 1 667 2 381 1 133 1 148 1 167 1 9 1 397 1 720 1 567 1 130 1 8 1 131 1 33 1 223 1 517 4 618 1 366 1 755 1 104 1 83 1 174 1 399 1 455 2 531 3 611 1 88 2 185 1 444 3 628 1 123 1 503 3 881 1 53 1
118 30 36 597 1 573 1 788 1 527 2 754 1 513 1 715 1 101 4 326 2 404 1 255 2 204 1 54 3 442 1 403 1 471 1 741 1 574 3 376 1 408 1 659 1 413 2 521 2 439 1 731 1 448 2 476 1 554 3 43 1 12 1 378 1 192 1 18 2 671 1 617 1 15 2
119 30 44 24 1 96 1 507 1 551 1 565 1 179 1 740 2 602 1 135 1 528 1 175 1 480 1 595 1 38 1 94 1 324 1 707 1 173 1 16 1 190 1 502 2 588 1 624 2 336 1 490 3 411 1 362 1 106 3 3 2 529 2 410 1 386 1 669 1 582 3 392 1 417 1 58 1 79 1 523 1 105 2 263 1 50 2 841 1 515 1
120 30 19 7 1 632 1 432 1 786 1 578 2 566 1 325 1 80 1 420 2 571 1 349 1 732 1 714 2 694 1 338 1 402 1 89 1 562 2 176 1
//IdTournes NbColis
21 6
//IdColis IdCommandeInColis NbProducts IdProd1 QtyProd1 IdProd2 QtyProd2 ...
121 31 44 191 1 350 1 427 1 790 1 31 1 155 1 524 2 689 1 221 1 716 2 381 1 397 3 72 1 567 1 131 1 33 2 406 1 270 1 337 2 395 1 373 2 405 1 366 1 319 1 769 2 343 1 446 2 174 1 399 2 452 2 115 2 531 3 88 1 539 2 185 1 44 1 393 1 708 1 840 1 436 1 838 1 111 1 444 1 500 2
122 31 37 563 2 388 1 475 3 99 1 627 2 430 1 604 1 9 2 321 1 720 2 603 1 517 3 162 2 442 1 533 1 433 1 557 1 145 3 396 2 508 1 827 1 613 2 687 1 408 1 576 1 160 1 280 1 385 3 577 1 683 1 265 1 505 3 845 1 553 2 641 1 220 1 329 1
123 31 37 555 1 597 1 114 1 802 1 573 1 715 1 422 3 437 2 364 2 101 3 117 2 255 1 702 2 598 1 318 1 521 2 733 1 209 1 67 1 448 5 548 1 552 2 412 1 43 1 416 1 660 2 512 2 103 1 13 2 526 2 766 1 380 1 537 1 20 1 721 2 18 1 334 3
124 31 45 648 1 419 2 718 1 758 1 445 1 528 2 530 3 345 2 762 1 235 1 324 2 541 2 426 1 502 2 429 1 375 2 376 1 274 1 520 1 413 1 102 1 34 1 387 1 230 1 554 1 410 3 499 1 355 2 253 1 705 1 354 1 540 2 335 1 727 1 680 2 614 1 449 2 699 1 710 1 105 1 263 1 50 1 254 1 122 1 629 1
125 31 28 73 2 411 4 634 1 106 3 276 1 434 2 635 1 3 2 529 3 632 2 432 1 751 1 786 1 545 1 566 1 157 1 420 1 571 2 10 1 402 1 89 2 657 1 562 2 352 1 424 3 339 1 525 1 752 1
126 32 46 760 1 116 1 350 1 479 1 534 1 561 1 346 1 155 1 407 2 423 1 99 2 381 2 504 1 167 1 397 5 682 1 8 1 296 1 605 1 389 3 52 1 446 1 700 1 941 1 120 1 531 1 185 1 498 1 241 1 393 1 887 1 202 1 211 1 717 1 90 1 76 1 500 1 357 1 385 1 577 2 384 1 503 1 683 3 553 1 281 1 536 1
//IdTournes NbColis
22 6
//IdColis IdCommandeInColis NbProducts IdProd1 QtyProd1 IdProd2 QtyProd2 ...
127 32 38 483 1 903 1 616 1 223 2 944 1 517 4 162 1 442 1 533 2 433 1 396 4 435 3 508 2 827 1 509 2 728 1 574 1 408 1 484 1 647 2 521 3 733 2 439 1 67 1 448 3 214 1 552 1 416 2 660 1 161 1 378 1 103 1 526 2 766 1 658 1 824 1 380 3 793 1
128 32 38 597 2 852 1 485 1 754 4 738 2 136 2 422 4 101 3 117 1 382 1 404 1 428 1 278 1 916 1 272 1 746 1 267 1 443 1 516 1 520 1 413 2 438 1 575 1 243 1 431 1 615 2 369 1 49 2 554 2 684 2 582 2 69 1 392 3 28 1 20 1 721 1 334 3 390 2
129 32 43 24 2 359 1 81 1 421 1 882 1 639 1 530 1 345 1 762 1 826 1 71 1 324 1 501 1 184 1 541 1 502 1 893 1 225 1 77 2 624 1 626 1 411 1 709 1 106 2 744 1 3 2 632 1 786 1 558 1 566 2 622 1 803 1 335 1 579 1 680 1 132 1 449 5 170 1 105 2 50 1 250 1 515 1 871 1
130 32 11 110 1 767 1 665 2 732 3 338 1 10 1 402 2 327 1 424 1 210 3 365 2
131 33 53 555 1 663 1 656 1 527 1 573 1 240 1 418 1 136 1 422 1 117 1 278 1 403 1 154 1 128 1 556 1 104 1 661 1 516 2 593 2 659 1 413 1 230 1 653 1 554 1 393 1 582 2 392 1 579 1 146 1 644 1 636 1 265 1 505 1 24 1 283 1 99 1 456 1 616 1 517 2 442 1 501 1 502 1 613 1 664 2 509 2 624 1 662 1 408 1 634 1 106 1 348 1 474 1 448 2
132 33 22 434 1 594 1 546 1 3 2 412 2 660 2 279 1 103 1 65 1 163 1 458 3 658 1 665 1 666 2 415 1 10 1 196 1 197 1 617 1 97 1 352 1 525 2
//IdTournes NbColis
23 6
//IdColis IdCommandeInColis NbProducts IdProd1 QtyProd1 IdProd2 QtyProd2 ...
133 34 40 116 1 414 1 323 1 592 2 563 2 686 4 561 1 475 1 423 2 524 2 689 2 483 2 601 1 148 1 504 1 670 1 66 2 70 1 397 4 637 1 32 1 621 1 533 1 337 1 314 1 741 2 343 3 661 1 399 2 452 1 531 1 477 1 461 1 108 1 385 2 628 3 577 2 146 1 265 1 815 2
134 34 36 555 1 215 2 398 3 852 1 114 1 573 2 216 1 738 2 60 2 326 2 154 1 820 1 728 1 377 1 45 1 645 1 318 2 209 1 439 2 856 1 542 1 575 1 474 1 48 1 369 2 416 2 660 3 12 1 380 1 457 3 719 1 192 1 450 2 535 1 570 1 15 2
135 34 42 507 1 68 1 275 1 623 1 822 1 480 2 71 1 610 1 291 1 501 2 107 1 126 2 624 4 411 3 849 1 307 1 362 1 434 1 564 1 635 1 3 1 529 3 495 1 499 2 684 1 632 1 355 1 545 2 646 2 705 2 622 1 571 2 335 2 742 1 727 1 25 2 217 1 338 3 694 1 402 2 629 1 229 2
136 34 42 572 3 165 1 569 2 183 2 409 1 479 1 427 3 534 2 725 1 388 2 743 1 400 1 221 1 149 1 753 2 734 1 167 1 975 1 266 1 682 1 567 1 131 1 33 1 406 3 405 1 128 1 853 2 446 4 260 1 755 1 188 1 539 1 185 2 708 2 500 1 673 1 701 1 641 3 97 2 53 2 424 1 536 2
137 34 32 667 1 9 1 750 2 603 1 903 1 447 1 517 5 54 2 442 2 433 1 425 1 557 1 145 2 396 1 435 2 473 3 771 2 613 2 664 7 484 1 246 1 521 5 121 1 277 1 67 1 448 1 548 1 476 2 552 1 412 3 778 1 630 4
138 34 29 61 1 648 2 513 2 715 1 422 9 207 1 101 1 38 3 16 1 649 1 274 1 376 1 413 3 230 2 554 4 582 2 526 1 697 1 581 3 392 3 537 1 331 4 614 3 723 1 132 2 449 3 780 1 50 1 250 1
//IdTournes NbColis
24 6
//IdColis IdCommandeInColis NbProducts IdProd1 QtyProd1 IdProd2 QtyProd2 ...
139 34 14 709 2 106 3 511 2 199 2 736 1 80 2 391 1 732 1 89 1 657 2 596 3 562 1 375 2 833 1
140 35 45 514 1 116 1 547 2 572 1 182 1 350 1 479 1 427 1 534 1 686 2 689 1 418 2 148 1 29 1 397 2 130 1 616 1 33 1 204 1 517 2 23 1 51 1 295 1 396 1 389 1 435 1 613 1 559 3 408 1 174 1 681 2 439 1 115 1 531 2 498 2 518 1 436 3 211 1 108 1 147 1 500 2 577 1 679 1 683 2 536 1
141 35 46 507 1 4 2 551 2 623 1 363 1 754 1 421 2 522 1 715 1 136 1 758 1 101 4 333 1 459 1 530 1 580 1 428 1 154 1 598 1 593 1 575 3 474 1 448 3 829 1 369 1 487 1 554 1 684 1 512 1 355 1 103 1 582 1 658 1 463 1 680 1 614 1 544 1 125 1 735 1 449 2 58 1 450 1 105 2 334 1 228 1 619 2
142 35 25 175 2 71 1 38 1 282 1 168 1 541 2 590 1 134 1 502 2 624 1 849 1 98 1 106 1 511 1 529 2 199 1 293 1 127 1 732 1 338 1 10 1 402 1 352 1 210 1 176 1
143 36 41 414 1 563 2 475 1 716 1 478 1 481 1 17 1 451 1 70 1 397 3 72 1 637 1 23 1 373 1 341 1 356 1 51 1 741 2 193 1 559 1 703 1 550 1 399 1 452 2 945 1 297 1 120 1 439 1 850 2 347 1 531 3 474 3 804 1 88 1 653 2 416 1 44 1 385 1 146 1 384 2 505 1
144 36 46 555 1 398 1 623 1 685 1 754 2 421 2 259 1 738 1 758 1 693 2 602 1 480 1 382 1 255 1 71 1 610 1 64 1 324 1 501 1 746 1 184 1 675 1 820 1 102 1 387 1 542 1 575 1 243 1 369 1 660 2 410 1 806 1 705 2 622 1 194 1 354 2 380 1 666 1 335 1 952 1 342 1 18 2 450 1 535 1 105 2 334 1
//IdTournes NbColis
25 6
//IdColis IdCommandeInColis NbProducts IdProd1 QtyProd1 IdProd2 QtyProd2 ...
145 36 45 867 1 183 1 350 1 407 1 99 1 149 1 753 1 567 1 130 2 603 1 616 1 131 1 517 4 618 1 54 1 442 2 425 1 885 1 145 2 590 1 396 2 126 1 446 2 626 1 344 1 98 1 401 1 158 2 620 1 432 1 786 1 545 2 518 1 803 1 357 2 673 1 338 1 10 1 402 2 553 1 641 1 424 1 210 1 525 1 536 1
146 36 28 422 2 951 1 101 4 403 1 186 1 435 2 921 2 613 2 664 2 521 2 277 1 348 1 448 3 548 2 46 2 412 2 6 1 35 2 43 1 378 1 630 1 526 2 581 1 361 1 415 1 723 1 617 1 390 2
147 36 37 359 1 757 1 648 1 954 1 704 1 528 2 530 1 368 1 638 1 292 1 707 2 75 1 596 1 598 1 376 1 443 1 200 1 394 1 438 2 230 1 431 1 554 1 95 1 199 1 253 1 582 2 325 1 902 1 349 1 222 1 614 1 732 1 449 3 79 1 440 1 515 1 801 1
148 37 52 514 1 165 1 569 1 427 2 409 1 479 1 31 1 423 1 524 1 689 1 481 1 441 1 167 1 273 1 451 1 397 1 131 1 33 1 142 1 51 1 366 1 128 1 559 2 446 1 260 1 654 1 399 1 297 1 115 1 347 1 531 1 188 1 113 1 88 1 653 1 436 1 444 1 500 2 357 1 385 2 674 1 553 1 713 1 881 1 536 1 116 1 414 1 453 1 534 2 388 3 483 1 9 2
149 37 38 603 3 223 2 284 1 517 3 433 1 396 1 631 1 435 1 741 1 613 1 664 1 482 1 408 1 576 1 484 1 647 1 521 1 733 1 439 1 448 3 214 1 476 1 552 2 487 1 6 2 416 1 12 1 65 1 658 1 814 1 415 1 20 2 721 1 450 1 535 1 486 1 334 4 390 4
150 37 46 24 1 359 1 96 1 398 2 4 2 68 1 597 1 114 1 363 2 573 2 802 1 421 2 522 1 718 2 639 1 740 1 117 2 580 1 403 1 471 1 377 1 429 1 376 1 516 1 36 1 431 1 554 1 95 1 410 1 582 1 69 1 705 1 392 1 213 1 773 1 224 1 579 1 614 1 680 1 218 1 449 1 523 1 710 1 828 1 629 1 231 1
//IdTournes NbColis
26 6
//IdColis IdCommandeInColis NbProducts IdProd1 QtyProd1 IdProd2 QtyProd2 ...
151 37 32 135 1 595 1 71 1 27 1 610 1 38 1 501 2 184 1 351 1 134 1 502 1 649 1 497 1 662 1 799 1 634 1 655 2 511 1 434 2 492 1 751 1 325 1 566 1 803 1 293 1 732 1 338 2 402 2 599 1 97 1 339 1 286 1
152 38 48 514 1 547 2 572 2 165 1 182 1 569 1 563 1 409 1 479 3 350 1 427 2 85 1 465 1 686 1 524 1 734 1 206 1 441 1 670 2 567 2 637 1 32 1 142 2 787 1 406 1 405 2 128 2 343 2 446 1 661 2 703 1 344 1 700 2 929 1 115 1 531 1 347 1 708 1 202 1 838 1 717 1 76 1 444 1 577 3 628 1 385 2 701 1 505 2
153 38 43 114 1 627 1 29 2 720 2 204 1 54 2 442 1 533 1 880 1 425 1 433 1 145 1 473 2 741 1 664 1 613 1 728 1 574 1 521 2 695 1 439 2 262 1 277 1 448 1 548 1 48 1 476 1 416 1 660 1 103 1 163 1 118 1 458 3 526 1 581 1 766 2 380 1 415 1 719 1 20 1 40 1 570 1 390 2
154 38 48 289 1 4 2 648 1 623 2 573 1 527 1 917 1 363 1 216 1 513 2 39 1 738 2 715 1 835 1 639 1 136 1 117 2 702 1 586 1 746 1 236 1 598 1 267 1 443 1 376 1 520 1 34 1 542 1 615 2 554 2 499 1 684 1 582 4 669 1 837 1 705 1 194 1 392 1 224 1 579 2 463 1 614 1 217 1 644 2 710 1 238 1 50 2 122 2
155 38 33 179 2 602 2 445 1 528 1 530 1 345 1 292 1 195 1 282 1 501 1 839 2 190 1 502 1 624 3 411 1 394 1 510 1 729 1 511 1 834 1 434 2 632 1 566 1 558 1 466 4 571 1 74 1 560 1 402 4 599 1 657 1 424 2 352 4
156 39 52 514 2 165 2 790 2 686 1 418 1 149 1 381 1 504 1 670 2 70 1 567 1 32 2 406 1 797 1 256 1 405 2 373 1 51 1 769 1 319 1 128 1 755 1 703 1 399 1 531 3 113 1 88 1 817 1 653 2 620 1 461 2 76 1 500 1 577 2 385 2 673 1 674 1 503 1 815 1 116 1 414 1 182 1 563 1 183 1 650 1 561 1 388 3 447 1 517 1 621 2 533 1 425 2
//IdTournes NbColis
27 6
//IdColis IdCommandeInColis NbProducts IdProd1 QtyProd1 IdProd2 QtyProd2 ...
157 39 36 398 3 788 1 216 1 333 1 117 1 137 2 433 1 396 1 664 3 886 1 574 3 408 2 521 1 209 1 850 1 439 5 448 2 548 2 778 1 6 1 43 1 416 1 103 1 378 2 118 1 793 1 814 2 781 1 415 3 20 1 721 1 735 2 192 1 40 2 486 2 617 1
158 39 42 507 1 4 2 623 3 522 1 882 1 639 1 822 1 368 1 794 1 27 1 154 1 168 1 180 1 541 1 426 1 494 1 821 1 590 2 77 1 624 1 45 1 520 3 243 1 642 1 369 1 600 1 181 1 582 1 69 3 622 1 773 1 358 1 614 1 132 1 218 1 150 1 449 4 79 1 699 1 780 1 50 1 122 1
159 39 15 73 1 187 1 362 1 106 2 511 1 434 1 325 1 80 1 571 1 293 1 127 1 657 1 97 1 42 1 247 1
160 40 47 514 1 116 1 414 2 453 1 165 2 569 1 479 1 534 2 725 2 388 5 240 1 155 1 743 2 423 1 519 2 481 2 601 1 381 1 148 1 167 1 922 1 66 1 397 4 296 1 405 2 51 1 328 1 319 1 128 1 556 1 897 1 452 1 188 1 185 1 211 1 166 1 444 1 500 2 385 2 316 1 674 1 683 2 505 1 553 1 713 1 360 1 536 1
161 40 35 99 1 604 1 603 1 517 6 208 1 54 1 533 1 433 1 425 3 557 1 396 3 508 1 482 2 574 2 576 1 733 2 439 1 856 1 348 1 474 1 48 1 214 1 487 1 778 1 416 4 660 1 161 1 512 2 103 1 630 1 163 1 332 3 537 1 666 1 331 4
162 40 36 215 2 114 1 485 1 754 4 513 1 706 1 738 2 330 1 101 2 364 1 326 1 379 1 169 2 428 1 746 1 236 1 443 1 516 4 413 4 34 2 615 1 369 3 49 2 410 1 95 1 355 4 386 1 582 6 697 1 837 1 392 1 358 1 671 2 334 1 854 1 231 1
//IdTournes NbColis
28 6
//IdColis IdCommandeInColis NbProducts IdProd1 QtyProd1 IdProd2 QtyProd2 ...
163 40 43 24 1 359 1 96 1 757 2 4 2 489 1 81 2 954 1 882 1 565 1 758 1 602 1 445 1 528 1 530 1 175 1 38 2 324 1 541 4 426 1 596 3 626 1 73 1 799 2 634 1 729 1 362 1 434 1 594 1 564 1 635 1 744 1 786 1 578 2 367 1 285 1 614 1 449 3 58 1 238 1 710 1 50 2 229 1
164 40 12 803 5 571 1 372 1 391 1 10 1 402 3 562 1 352 1 424 2 525 2 566 2 365 1
165 41 53 514 1 547 2 555 1 350 1 290 1 527 1 573 1 31 1 149 1 206 1 37 1 397 1 567 1 33 1 382 1 488 1 406 1 471 1 559 1 376 1 297 1 399 2 347 1 113 1 498 1 44 1 518 1 224 1 577 1 579 2 218 1 523 1 553 1 229 1 470 1 572 1 4 1 489 1 551 1 85 1 483 1 456 1 530 1 162 1 204 1 517 1 38 1 54 1 533 1 168 1 433 1 541 1 574 1
166 41 21 408 1 411 1 568 1 362 1 106 1 474 1 448 1 548 1 564 1 43 1 512 1 545 2 458 2 466 1 558 2 571 1 535 1 570 1 334 1 562 1 176 1
167 42 49 514 1 760 1 547 1 350 1 409 1 479 2 427 1 725 1 240 1 689 1 418 1 601 1 167 2 567 1 296 1 295 1 769 2 531 3 113 1 88 1 498 2 518 1 166 1 91 1 500 1 123 1 357 1 577 2 287 1 553 1 713 1 641 2 53 2 116 2 414 1 650 1 604 1 616 1 223 1 204 1 517 4 621 1 442 1 533 2 425 1 433 1 557 3 473 1 435 3
168 42 47 597 1 715 1 136 1 422 1 101 1 364 1 117 1 294 1 139 1 471 1 236 1 75 1 237 1 613 1 464 1 429 1 574 3 376 1 484 1 520 2 413 3 521 2 439 2 731 1 548 2 431 1 615 1 412 2 554 2 43 2 416 1 95 1 807 1 458 2 582 2 69 1 697 2 837 1 380 1 781 1 18 1 450 1 535 1 617 3 334 2 619 1 390 1
//IdTournes NbColis
29 6
//IdColis IdCommandeInColis NbProducts IdProd1 QtyProd1 IdProd2 QtyProd2 ...
169 42 43 96 1 507 2 4 1 419 2 456 2 530 1 480 1 288 1 71 1 610 1 291 1 541 2 107 2 596 1 77 1 624 3 662 1 411 1 394 3 729 1 362 1 276 1 434 4 492 1 651 1 566 1 705 1 293 1 571 1 742 1 579 1 132 1 644 1 449 1 560 1 699 1 657 1 50 1 97 1 562 3 424 1 612 1 801 1
170 43 44 306 1 768 3 760 1 514 4 547 1 165 1 563 2 479 2 427 2 790 2 407 1 475 3 99 1 418 1 430 2 143 1 149 1 478 1 148 1 504 2 789 1 397 1 239 1 33 1 517 3 395 1 769 1 389 2 446 1 559 1 703 1 399 1 531 1 477 1 887 1 436 1 160 1 888 2 577 1 385 1 673 1 503 1 713 1 641 1
171 43 40 555 1 597 2 363 1 513 1 422 4 580 1 54 3 442 1 154 1 433 1 425 1 557 1 75 1 435 1 664 2 509 1 687 1 598 1 267 1 774 1 583 1 521 2 548 1 448 1 214 1 476 2 412 1 43 1 660 1 161 1 103 1 378 1 458 1 581 1 457 2 20 1 723 1 486 1 334 4 390 1
172 43 46 359 1 140 1 4 2 551 1 81 1 623 2 30 1 718 1 639 1 791 1 445 1 530 1 762 1 638 1 71 1 38 1 587 1 190 2 351 3 274 1 516 1 376 1 413 1 438 1 575 1 387 1 431 2 615 1 784 1 369 1 554 2 499 1 95 1 181 1 582 4 354 1 773 1 335 1 217 2 218 1 449 4 644 2 710 1 50 1 122 1 250 1
173 43 30 502 1 596 2 497 1 624 1 662 1 336 1 73 1 411 1 394 1 307 2 467 1 362 1 245 2 106 3 511 1 434 1 564 1 432 2 786 2 651 1 545 1 157 1 566 2 558 2 745 2 391 1 402 1 352 2 286 2 365 1
174 44 52 159 1 322 1 350 2 427 2 790 2 155 2 524 1 601 1 381 1 734 2 670 1 37 1 66 1 397 1 618 1 373 1 405 1 389 2 319 1 755 1 703 1 700 1 452 1 945 1 455 1 401 1 115 1 347 1 113 1 539 1 185 1 498 1 44 1 166 2 76 1 108 1 147 1 888 1 357 1 385 1 577 1 251 1 679 1 384 1 636 1 505 3 713 1 641 1 688 1 563 2 465 1 534 2
//IdTournes NbColis
30 6
//IdColis IdCommandeInColis NbProducts IdProd1 QtyProd1 IdProd2 QtyProd2 ...
175 44 38 627 2 9 1 29 1 469 1 616 3 517 3 442 2 557 2 396 4 613 2 664 1 509 1 464 2 100 2 408 1 484 3 318 1 733 1 121 1 209 1 439 1 850 1 67 1 548 1 448 2 214 2 552 1 412 3 6 1 512 2 630 1 103 1 658 1 666 1 781 3 719 1 20 1 735 2
176 44 47 171 1 398 1 805 1 363 1 573 1 114 1 216 1 513 1 39 1 422 2 364 1 101 1 117 1 428 1 382 1 916 1 137 1 403 1 139 1 471 1 746 1 75 1 376 1 520 1 298 1 413 1 810 1 387 1 575 1 230 1 243 1 369 2 600 1 554 3 684 2 315 1 697 1 705 1 392 2 354 1 335 1 463 3 189 1 125 1 40 2 570 2 390 2
177 44 39 507 1 757 1 156 1 623 2 685 2 740 4 368 1 595 4 71 1 27 1 737 1 541 2 184 1 351 1 134 1 502 1 5 3 596 2 77 1 624 1 662 1 759 1 811 1 411 2 394 3 62 1 709 1 106 3 579 2 614 1 383 1 132 1 58 1 699 1 263 2 50 2 506 1 515 3 229 1
178 44 14 434 1 564 1 635 1 93 1 786 1 545 1 646 1 736 1 325 1 571 2 496 1 402 3 562 1 424 3
179 45 48 159 1 453 1 183 1 790 1 686 1 31 1 155 1 475 1 400 1 627 2 221 1 418 1 317 1 481 1 734 1 441 1 397 1 142 1 797 1 337 1 373 1 589 1 319 1 389 2 193 1 446 1 109 1 399 1 401 1 531 2 113 2 539 1 653 1 393 1 643 1 166 1 461 2 91 2 147 1 160 1 500 2 316 1 577 1 679 1 701 1 553 2 815 1 536 1
180 45 41 555 1 398 3 754 4 667 1 604 1 29 1 616 1 204 1 447 1 517 3 621 1 442 1 640 2 186 1 396 2 464 1 574 1 318 1 408 1 521 1 733 1 209 1 439 2 277 1 476 1 607 1 6 1 416 1 660 3 103 1 378 2 526 2 766 1 770 1 28 1 781 1 415 1 719 1 20 1 723 3 192 1
//IdTournes NbColis
31 6
//IdColis IdCommandeInColis NbProducts IdProd1 QtyProd1 IdProd2 QtyProd2 ...
181 45 31 738 1 437 1 693 1 101 4 333 2 364 1 255 2 403 2 598 1 303 1 443 1 520 1 34 2 542 1 575 3 95 1 410 2 69 1 697 1 392 1 540 1 335 2 358 1 417 1 463 1 614 1 644 2 449 2 79 1 523 1 828 2
182 45 39 507 1 685 1 421 1 522 1 712 1 652 1 175 2 480 1 638 1 27 1 610 1 38 1 501 2 184 1 541 1 190 1 590 1 596 1 77 2 624 1 759 1 626 1 73 1 411 1 568 1 362 1 709 2 106 1 529 1 432 1 199 1 11 1 325 1 736 1 21 2 80 1 745 1 10 2 105 3
183 45 5 89 2 138 1 424 1 210 1 525 2
184 46 42 116 1 547 1 26 1 85 1 686 1 155 1 475 1 689 2 524 1 468 1 483 1 716 1 481 1 206 2 47 1 37 1 469 1 397 4 32 2 621 1 208 1 533 1 373 2 366 1 741 2 193 1 232 1 83 1 941 1 399 1 531 2 88 1 44 1 90 1 444 4 385 2 146 1 674 1 19 1 713 2 505 1 281 1
185 46 38 555 1 216 1 754 1 738 1 693 2 364 1 333 1 326 2 379 1 294 1 488 1 428 1 255 2 169 1 137 1 746 1 687 1 219 1 645 2 516 2 520 1 439 1 48 1 765 1 369 1 416 1 684 1 355 1 458 3 491 2 705 1 380 2 457 4 719 1 961 1 196 1 342 1 535 1
186 46 41 96 1 514 4 551 1 191 1 685 1 350 2 421 4 419 2 480 1 71 2 610 1 501 1 168 2 541 1 184 1 590 1 126 1 626 1 411 4 510 2 729 1 362 1 300 1 635 1 744 1 22 1 158 1 545 1 194 1 354 1 540 1 571 1 335 1 745 2 742 1 463 1 644 1 105 1 506 1 424 2 525 1
//IdTournes NbColis
32 6
//IdColis IdCommandeInColis NbProducts IdProd1 QtyProd1 IdProd2 QtyProd2 ...
187 46 43 572 1 183 1 725 1 381 2 130 1 616 1 960 1 668 1 517 5 442 1 406 1 433 1 557 1 186 1 921 1 905 2 446 2 482 1 574 2 484 2 521 4 739 1 348 1 448 1 214 1 539 1 185 1 46 2 476 2 607 2 412 1 498 1 6 1 43 1 161 1 202 1 378 2 630 1 518 1 111 1 701 1 683 3 553 1
188 46 43 527 3 917 1 704 1 39 1 437 2 422 2 84 1 117 1 175 2 595 3 737 1 839 1 471 1 75 1 502 1 596 1 598 1 274 1 443 1 490 2 200 1 799 1 438 1 467 2 709 3 764 1 431 1 615 4 578 1 466 3 566 1 766 1 773 1 391 1 383 1 732 2 723 1 560 1 677 1 79 1 50 1 371 1 619 1
189 47 40 159 1 547 1 656 1 475 1 716 1 481 3 601 1 206 1 148 1 504 1 670 1 66 1 397 2 205 1 783 2 23 1 880 1 356 1 295 1 389 1 83 1 912 1 647 1 399 1 120 1 257 1 439 1 850 1 531 3 88 1 477 1 416 2 458 3 444 1 577 4 384 1 301 1 674 1 505 2 881 1
190 47 40 507 1 289 1 68 1 259 1 718 1 639 1 602 2 333 2 445 1 294 1 278 1 587 2 501 3 168 1 541 2 184 1 624 2 45 1 429 1 387 1 575 1 542 2 684 1 669 1 491 1 622 1 457 2 719 1 721 2 946 1 218 1 150 1 644 1 192 1 710 1 105 3 486 1 334 1 629 1 858 1
191 47 42 165 1 350 1 409 1 790 1 725 1 400 3 418 1 519 1 167 1 226 1 406 1 395 1 634 1 897 1 98 1 362 1 245 1 834 2 594 1 539 1 22 1 529 2 711 1 498 1 432 1 651 1 545 1 571 1 717 1 91 1 500 2 862 1 357 1 123 1 673 1 714 1 683 4 641 1 352 1 424 1 525 3 329 2
192 47 42 453 1 61 1 597 2 527 1 485 1 99 1 513 1 715 2 667 1 422 2 722 1 101 2 846 1 404 1 517 3 204 1 702 1 442 3 425 1 433 1 236 1 396 4 464 1 376 1 443 1 593 1 698 1 521 3 67 1 476 1 607 1 412 2 487 1 6 1 512 1 279 1 103 1 378 2 118 1 526 1 581 2 617 2
//IdTournes NbColis
33 6
//IdColis IdCommandeInColis NbProducts IdProd1 QtyProd1 IdProd2 QtyProd2 ...
193 47 34 178 1 530 3 175 1 638 1 195 1 38 1 190 2 502 1 893 1 225 1 833 2 490 4 200 1 709 1 615 1 554 3 95 1 751 1 199 1 582 3 558 1 566 2 325 1 69 2 392 2 420 1 293 1 417 1 496 1 560 1 58 1 50 1 176 1 365 1
194 48 47 159 1 514 1 414 1 165 1 350 1 966 1 524 1 221 1 481 1 604 1 971 1 308 1 972 1 965 1 903 1 33 1 162 1 621 1 517 2 54 1 406 1 885 1 389 1 313 1 52 1 343 1 271 1 559 1 446 2 408 3 452 1 277 1 548 2 474 1 539 1 887 1 119 1 957 1 76 1 444 1 160 1 577 1 123 1 385 1 701 1 884 1 310 1
195 48 47 96 1 171 1 304 1 422 2 179 1 758 1 101 1 459 1 456 1 528 1 445 1 530 1 480 1 302 1 195 1 863 1 107 1 237 1 879 1 906 1 311 1 608 1 520 1 200 1 593 1 554 1 43 1 660 2 410 1 684 1 512 1 378 1 163 1 458 2 582 1 969 1 312 1 28 1 727 1 463 1 79 1 18 1 105 1 617 1 299 1 228 1 970 1
196 48 12 187 1 490 1 293 1 305 1 861 1 309 1 434 1 89 1 752 1 883 1 157 1 558 1
197 49 47 116 2 414 1 322 1 165 1 388 1 346 1 423 1 689 1 86 1 418 1 716 1 143 1 317 1 601 1 504 1 9 1 29 1 370 1 397 1 33 1 204 1 533 1 395 1 425 1 433 1 295 1 396 2 128 2 435 1 613 1 728 1 654 1 574 2 576 1 120 1 531 2 67 1 113 1 498 2 202 1 111 1 90 1 500 2 628 1 265 1 505 1 713 2
198 49 41 555 1 507 1 61 1 648 1 802 1 421 1 30 1 565 1 101 2 364 1 652 2 175 2 480 1 71 2 278 1 471 2 168 1 184 1 541 1 75 1 494 1 516 1 448 2 431 1 476 3 552 1 35 1 416 1 660 3 103 1 378 1 118 1 582 3 69 1 705 1 581 1 449 2 342 1 699 1 617 2 15 1
//IdTournes NbColis
34 6
//IdColis IdCommandeInColis NbProducts IdProd1 QtyProd1 IdProd2 QtyProd2 ...
199 49 17 411 1 394 2 106 1 93 1 432 1 325 1 646 1 80 1 745 2 560 1 190 1 402 3 657 1 662 1 336 1 210 1 525 1
200 50 51 768 1 547 3 350 1 479 1 400 1 418 2 206 2 167 1 397 2 405 1 128 1 549 1 556 2 343 1 104 1 109 1 452 1 120 1 113 1 518 1 76 1 444 1 577 1 384 1 503 1 713 1 505 1 182 1 563 2 85 1 616 1 603 2 204 1 517 2 54 2 557 1 425 1 631 1 186 1 396 1 613 1 408 1 521 2 348 1 46 1 476 1 412 1 43 1 416 2 12 1 807 1
201 50 35 320 1 685 1 527 2 513 1 715 1 422 2 101 1 364 1 255 2 488 2 428 1 403 1 471 1 141 1 237 1 413 2 36 1 243 1 431 2 499 1 378 2 582 2 526 1 491 1 705 2 581 1 579 1 614 1 132 1 523 1 50 1 334 2 228 1 122 2 250 2
202 50 22 490 2 411 1 522 1 511 2 158 1 530 2 545 1 578 1 325 2 646 1 175 4 595 2 571 1 501 2 541 1 107 1 502 2 696 1 497 1 138 1 624 2 352 2
203 51 49 514 1 165 1 191 1 26 1 427 1 418 1 381 1 167 1 397 4 389 1 52 1 271 1 374 2 399 1 611 1 88 1 539 1 185 1 393 1 708 1 76 1 108 1 160 1 500 1 628 1 701 1 53 2 572 1 475 1 99 1 430 1 321 1 204 1 517 3 54 1 442 1 533 1 557 1 396 1 473 1 508 1 741 1 613 2 509 1 232 1 576 1 521 2 474 1 214 1
204 51 46 24 1 507 1 114 1 573 1 609 1 706 1 421 1 522 2 738 2 30 1 136 1 422 2 758 1 101 1 333 1 364 1 456 1 480 1 403 1 598 1 608 1 593 1 413 3 552 1 412 1 660 1 512 1 65 1 118 1 13 1 335 1 719 1 723 1 218 1 449 1 79 1 699 1 710 1 18 1 197 1 617 2 50 1 254 1 122 1 619 2 231 1
//IdTournes NbColis
35 6
//IdColis IdCommandeInColis NbProducts IdProd1 QtyProd1 IdProd2 QtyProd2 ...
205 51 28 595 2 184 1 707 1 107 1 190 1 225 1 624 1 662 1 336 1 626 1 73 1 411 1 98 1 22 1 529 1 632 1 432 1 157 1 566 1 665 1 745 1 402 1 599 1 89 1 97 1 525 1 176 1 365 1
206 52 51 165 1 191 1 409 1 686 1 743 1 31 1 400 1 423 1 601 1 451 1 397 2 70 1 567 2 33 1 389 1 446 1 661 1 550 1 399 2 452 1 120 1 401 1 115 1 531 1 708 1 444 1 76 1 160 1 628 2 384 1 701 1 414 1 453 1 563 1 388 1 9 1 616 2 447 1 517 2 442 1 145 1 396 2 687 1 886 1 408 2 521 2 439 1 448 4 67 1 552 1 412 1
207 52 45 398 1 573 1 609 1 738 1 419 1 565 1 30 1 722 1 60 1 364 1 101 3 117 1 428 1 139 1 75 1 377 1 598 1 45 1 443 2 520 1 413 1 36 1 778 1 554 1 410 2 807 1 582 3 666 1 358 2 415 1 719 1 721 1 723 1 449 1 170 1 342 1 196 1 450 1 18 1 40 1 105 1 617 2 371 1 390 2 801 1
208 52 29 445 1 368 1 175 1 595 2 610 2 324 3 541 1 351 2 596 1 624 1 126 1 411 1 394 1 362 1 245 1 434 2 158 1 786 1 545 1 325 1 566 1 796 1 571 1 732 1 338 1 402 1 599 1 562 1 424 1
209 53 52 514 1 832 2 165 1 409 1 353 1 743 1 400 1 689 1 524 2 478 1 734 1 167 1 397 2 567 1 131 1 296 1 366 1 389 1 556 1 446 3 559 2 661 1 109 1 344 1 1 1 401 1 347 1 113 1 817 1 477 1 498 2 500 2 385 2 628 2 280 1 287 1 713 1 360 1 881 1 641 1 536 1 116 1 182 1 563 1 534 1 475 1 468 1 47 1 308 1 720 1 130 1 517 2
210 53 52 61 1 597 1 715 2 422 3 403 1 471 1 746 1 236 1 494 1 598 1 429 1 413 3 410 1 582 1 392 1 335 1 383 2 449 1 775 1 371 1 801 1 507 1 876 1 368 1 71 1 610 1 54 2 425 1 433 1 173 1 396 1 464 1 482 1 408 2 521 2 448 1 548 1 864 1 552 1 487 1 416 2 43 2 163 1 526 1 581 1 493 1 189 1 454 1 40 1 617 3 619 1 144 1
//IdTournes NbColis
36 6
//IdColis IdCommandeInColis NbProducts IdProd1 QtyProd1 IdProd2 QtyProd2 ...
211 53 22 411 2 510 1 362 1 245 1 106 2 635 1 93 1 3 2 158 1 786 1 751 1 578 1 736 1 745 1 560 1 190 1 440 1 562 2 126 1 424 2 759 1 525 1
212 54 52 514 1 569 1 350 1 26 1 527 1 519 1 422 1 504 1 580 1 543 1 294 1 488 1 916 1 406 1 471 1 549 1 193 1 446 1 550 1 542 1 575 1 531 1 554 2 499 1 582 2 91 1 544 1 505 1 105 1 263 1 462 1 414 1 453 1 116 1 551 1 563 1 4 1 565 1 639 1 456 3 135 1 345 2 71 1 442 1 54 1 425 1 541 1 145 1 435 1 508 1 460 2 375 1
213 54 25 219 1 490 2 187 1 576 1 521 1 276 1 511 2 548 1 546 1 552 1 412 1 416 1 660 1 512 1 578 1 558 1 566 2 526 1 581 1 742 1 305 1 402 2 450 1 40 1 562 1
214 55 46 171 1 165 1 569 1 4 1 183 1 350 1 527 2 31 1 423 1 249 1 882 1 627 1 639 2 456 1 397 2 638 1 567 1 488 2 637 1 278 1 403 2 406 1 471 1 389 2 237 1 128 1 769 1 598 1 559 1 109 1 912 1 520 1 550 1 399 1 591 1 431 1 369 1 554 1 717 1 91 1 909 1 636 1 79 1 340 1 254 1 228 1
215 55 36 903 1 517 1 621 1 640 1 54 1 203 1 501 2 557 1 885 1 631 1 508 1 613 3 460 1 588 1 232 1 585 1 484 1 634 1 521 2 246 1 875 1 511 1 635 1 607 1 606 1 660 1 458 2 157 1 80 1 380 1 537 1 742 1 334 2 15 1 525 1 612 1
216 56 57 514 2 663 1 592 1 164 1 165 1 527 2 346 1 422 1 441 1 56 1 397 1 633 1 403 1 406 1 471 2 863 1 589 1 128 1 549 1 446 1 559 1 443 1 399 1 34 1 575 1 591 1 531 1 369 1 539 1 554 1 498 1 181 1 708 1 166 1 417 1 463 1 584 1 507 1 572 1 4 1 85 1 99 1 419 1 627 1 602 1 456 1 532 1 603 1 616 1 223 1 517 2 204 1 557 1 173 1 473 1 502 1 624 1
//IdTournes NbColis
37 6
//IdColis IdCommandeInColis NbProducts IdProd1 QtyProd1 IdProd2 QtyProd2 ...
217 56 30 126 1 482 1 411 1 521 2 842 1 474 1 448 1 434 1 564 1 529 1 416 2 6 1 7 1 660 1 512 1 378 1 578 1 458 1 566 1 526 1 80 1 380 1 560 1 450 1 617 1 334 1 424 1 525 1 365 1 390 1
218 57 51 398 1 569 1 479 1 290 1 802 1 346 1 418 2 397 3 66 1 406 1 141 1 180 1 446 1 443 1 593 1 897 1 413 1 36 1 120 1 431 1 531 1 615 1 539 1 185 1 600 1 499 1 620 2 582 1 622 2 335 1 385 1 577 1 383 1 384 1 505 1 710 1 105 2 641 1 263 1 50 1 53 1 801 1 453 1 283 1 623 2 561 1 456 2 528 1 175 1 595 1 517 2
219 57 37 610 1 27 1 195 1 442 2 38 1 203 1 205 1 501 2 435 1 502 1 613 1 662 1 172 1 375 1 490 2 73 2 574 1 709 2 813 1 3 1 630 1 458 2 558 1 65 1 157 1 566 2 491 1 293 1 127 1 372 1 415 1 493 2 89 1 617 1 334 3 619 1 92 1
220 58 51 547 2 479 3 427 2 597 1 155 1 513 1 418 1 422 1 601 1 136 1 459 1 379 1 397 2 567 1 33 1 702 2 618 2 406 2 75 1 556 1 549 1 343 1 193 1 260 1 174 1 399 1 34 1 387 2 575 1 185 1 600 1 554 1 358 2 444 3 76 1 500 2 385 2 577 1 701 1 449 1 360 1 105 1 641 1 629 1 116 1 584 1 182 1 563 2 522 1 758 1 456 1
221 58 39 445 1 530 1 480 1 720 1 517 1 587 1 442 1 168 1 433 1 541 1 173 1 502 2 741 1 624 2 662 1 626 1 583 1 799 1 394 1 521 1 307 1 62 1 98 1 245 1 277 1 448 1 548 1 412 1 3 2 632 2 43 1 512 1 578 1 458 2 28 1 415 2 450 1 617 1 15 1
222 59 55 514 2 760 1 547 1 592 1 350 1 240 1 743 1 524 1 418 2 519 1 734 1 504 1 206 1 148 1 167 1 406 1 605 1 405 1 559 1 344 1 550 1 452 1 297 1 347 1 185 1 108 1 147 1 701 1 505 1 881 1 53 3 536 1 688 1 563 1 475 1 604 1 625 1 915 1 321 1 616 1 517 1 54 2 433 1 557 1 341 1 687 1 408 1 521 1 439 1 209 1 830 1 214 1 46 1 412 1 6 1
//IdTournes NbColis
38 6
//IdColis IdCommandeInColis NbProducts IdProd1 QtyProd1 IdProd2 QtyProd2 ...
223 59 46 597 1 573 1 421 2 456 2 595 1 586 1 610 1 195 1 403 1 471 2 184 1 590 1 893 1 596 1 624 1 662 1 585 1 490 1 200 1 799 1 568 1 413 2 34 1 594 1 564 1 529 3 499 1 632 1 545 1 80 1 902 1 463 1 614 1 544 1 523 1 79 1 699 1 10 1 50 1 841 1 424 2 227 1 229 1 339 1 525 2 390 1
224 60 46 760 1 116 1 547 1 165 1 563 2 350 1 427 3 790 1 534 3 725 1 743 1 423 1 524 1 689 1 483 1 198 1 167 1 266 1 567 1 517 4 442 1 54 1 783 2 153 2 557 3 405 2 396 1 549 1 52 1 687 2 645 2 344 1 452 1 531 4 887 1 643 1 111 1 444 1 357 2 385 1 577 5 701 1 674 2 503 1 881 1 53 1
225 60 36 398 4 363 1 216 1 693 1 459 1 101 3 886 1 443 1 593 1 413 4 521 1 472 2 439 3 850 1 542 2 474 1 448 2 642 1 829 1 369 3 784 1 554 1 416 1 512 1 378 1 458 3 163 1 526 1 697 1 658 1 380 1 28 1 486 3 617 5 15 1 390 2
226 60 42 96 1 873 1 489 1 421 1 882 1 639 1 135 1 445 1 530 2 480 1 175 2 71 1 610 2 541 2 596 1 624 1 336 1 375 2 833 2 411 1 799 1 394 2 467 1 709 1 106 1 59 1 529 4 3 2 540 1 335 1 358 1 224 1 417 1 449 4 523 1 699 1 710 2 58 1 238 1 105 1 122 1 515 1
227 60 12 80 1 803 1 571 1 745 2 732 1 402 3 632 1 352 2 325 1 646 1 157 2 566 1
228 61 51 514 2 768 2 350 2 409 1 26 1 346 1 743 1 155 1 481 1 601 1 317 1 504 1 670 1 266 1 451 1 397 1 72 1 637 1 618 1 406 1 328 1 51 1 389 1 128 1 556 1 549 1 193 1 703 1 550 1 174 1 531 3 393 1 518 1 444 4 500 2 357 1 628 1 577 2 679 2 674 1 505 1 265 1 553 1 641 1 53 1 453 1 116 1 563 1 534 1 388 2 561 1
//IdTournes NbColis
39 6
//IdColis IdCommandeInColis NbProducts IdProd1 QtyProd1 IdProd2 QtyProd2 ...
229 61 34 407 1 616 1 517 4 442 1 533 1 640 1 23 2 433 1 396 1 435 1 741 2 664 4 613 1 318 1 647 1 521 3 439 1 67 1 476 1 416 1 526 2 766 2 658 1 332 1 814 1 457 2 331 1 415 3 723 1 20 1 486 1 617 1 334 1 390 3
230 61 51 555 1 398 3 869 1 597 1 754 2 513 1 738 1 326 1 382 2 428 2 278 1 471 1 746 1 376 1 443 2 274 1 520 1 413 2 575 1 542 1 615 1 369 1 554 2 386 1 582 4 392 2 579 1 544 1 614 1 449 3 699 1 79 1 780 1 228 1 122 1 629 1 904 1 421 1 758 1 528 2 175 1 595 1 235 1 291 1 203 1 501 1 94 1 351 1 590 1 190 1 596 2
231 61 25 624 1 662 2 77 1 394 3 307 1 729 2 362 1 245 1 529 1 3 2 632 1 786 1 578 1 558 2 80 1 110 1 349 1 745 1 372 1 496 1 402 1 424 1 525 2 612 1 752 1
232 62 53 569 1 427 1 597 1 686 1 221 1 149 1 734 1 167 1 397 3 682 1 567 1 618 1 406 2 328 1 446 1 260 1 399 1 115 1 347 1 531 3 539 1 444 2 500 2 577 1 701 1 503 1 453 1 116 1 534 1 85 1 475 1 483 1 616 1 517 2 621 2 442 1 533 1 54 1 425 1 396 1 613 2 664 1 464 1 521 2 439 1 607 2 46 1 103 1 458 2 658 1 581 1 450 1 390 1
233 62 47 24 1 685 1 573 1 609 1 715 1 758 1 445 1 530 1 345 1 480 1 27 1 195 1 403 1 587 1 501 2 471 1 900 1 107 1 190 1 624 3 759 1 376 1 799 1 34 1 709 1 434 1 369 1 554 2 410 2 545 2 622 1 110 1 571 1 417 1 579 1 614 1 449 1 338 1 79 1 785 1 562 2 327 1 515 1 629 1 339 1 210 1 365 1
234 63 49 514 1 165 1 569 1 686 1 689 1 418 1 481 1 753 1 567 1 668 1 618 1 142 2 153 1 366 2 389 1 446 1 271 1 550 1 297 1 455 1 347 1 531 1 539 1 500 2 888 1 385 1 678 1 505 2 641 1 281 1 688 1 563 1 388 1 667 2 469 1 720 1 603 1 517 2 162 1 204 1 533 3 640 1 54 1 783 1 885 1 145 2 234 1 435 1 508 2
//IdTournes NbColis
40 6
//IdColis IdCommandeInColis NbProducts IdProd1 QtyProd1 IdProd2 QtyProd2 ...
235 63 55 555 1 363 1 333 1 364 1 117 1 404 1 702 2 494 1 75 1 598 1 429 1 376 1 413 2 36 1 34 2 387 1 615 2 784 1 499 1 684 1 386 1 582 1 705 1 392 1 335 1 417 1 463 1 579 1 680 1 644 1 263 1 371 1 629 1 68 1 509 1 464 1 521 2 474 1 448 1 476 2 607 2 412 1 778 1 43 1 807 1 526 1 666 1 457 1 735 1 723 2 189 1 342 1 18 1 40 2 390 1
236 63 32 522 1 565 1 718 1 877 1 530 1 345 2 71 2 610 3 38 1 168 1 541 1 190 1 375 1 842 1 510 1 62 1 106 2 529 1 3 2 7 1 751 1 545 1 558 1 325 1 349 1 391 1 732 1 560 1 714 1 562 1 97 1 352 1
237 64 53 547 2 808 1 409 1 479 1 427 1 240 1 891 1 478 1 149 1 670 1 451 1 567 1 406 1 589 1 389 1 769 1 128 1 52 1 104 1 550 1 700 1 399 1 531 3 539 2 477 2 498 1 708 1 44 1 643 1 840 1 838 1 357 2 577 2 679 1 505 1 553 2 713 1 534 1 627 2 321 1 517 3 442 2 533 1 783 2 433 1 691 1 613 3 464 1 482 1 698 1 548 1 607 1 778 1
238 64 58 527 1 754 1 216 1 513 2 738 1 715 1 333 1 459 1 543 1 294 1 471 2 429 1 376 1 443 1 36 1 34 2 615 1 355 1 181 1 582 1 392 1 335 1 358 1 773 1 579 2 680 1 614 1 710 1 79 1 523 1 263 1 506 1 229 1 24 1 551 1 4 1 718 1 135 1 530 3 822 1 528 1 345 1 762 1 480 1 595 1 288 1 416 1 43 2 512 1 378 1 103 1 458 1 719 1 189 1 125 1 486 1 617 1 619 1
239 64 26 610 1 737 1 38 2 541 2 190 1 624 2 662 1 77 1 585 2 759 1 490 2 411 1 362 1 106 1 511 1 564 1 93 1 751 1 545 2 367 1 736 1 767 1 694 1 562 2 352 1 424 2
240 65 54 656 1 716 1 317 1 381 1 397 2 428 1 618 1 471 1 405 1 366 1 556 1 193 1 376 1 443 1 120 1 431 1 531 1 615 1 113 1 185 1 554 2 498 1 95 1 708 1 202 1 436 1 697 1 705 1 335 1 224 1 385 1 679 1 523 1 310 1 105 1 229 1 551 1 563 1 4 1 534 1 475 1 430 1 135 1 712 1 345 1 368 1 130 1 517 1 162 1 204 1 54 1 557 1 707 1 590 1
//IdTournes NbColis
41 6
//IdColis IdCommandeInColis NbProducts IdProd1 QtyProd1 IdProd2 QtyProd2 ...
241 65 26 126 1 626 1 490 1 521 2 246 1 467 1 257 1 695 1 474 1 548 1 594 1 476 1 552 1 529 2 416 1 660 1 578 1 907 1 458 1 558 1 537 1 349 1 560 1 18 1 89 1 334 1
242 66 58 760 2 547 1 165 1 398 1 409 1 479 1 686 1 743 1 423 1 524 1 519 1 716 1 601 1 670 1 397 2 66 1 567 1 637 1 769 1 109 1 703 1 700 1 591 1 113 1 498 1 393 1 119 1 76 1 577 3 553 2 572 1 468 1 627 1 692 1 517 2 204 1 78 1 433 1 557 1 880 1 145 1 396 1 509 1 728 1 464 1 408 2 698 1 521 1 448 1 46 1 416 1 660 1 512 1 458 1 537 1 666 1 723 2 334 1
243 66 51 597 1 527 1 706 1 738 1 693 1 364 1 580 1 379 1 586 1 75 1 598 1 34 1 431 1 784 1 554 1 499 1 181 1 582 2 392 1 335 1 218 1 254 1 507 1 551 1 648 1 704 1 419 1 530 2 71 1 38 1 168 1 541 2 585 1 759 1 490 1 411 1 875 1 729 1 709 1 511 1 3 1 578 1 566 1 855 2 665 1 742 1 696 1 785 1 352 3 227 1 612 1
244 67 51 514 1 656 1 569 1 409 1 527 1 686 1 519 1 422 1 722 1 206 1 266 1 397 2 70 1 567 1 586 2 702 1 142 1 373 1 389 2 598 1 376 1 102 1 542 2 575 2 230 1 531 2 188 1 539 1 185 1 554 1 684 1 253 1 690 1 436 1 119 1 392 1 90 1 213 1 224 1 888 1 577 1 123 1 673 1 701 1 636 1 699 1 713 1 58 1 122 1 24 1 116 2
245 67 42 507 1 563 2 609 1 522 2 445 1 530 1 29 1 321 1 480 1 720 1 517 1 54 2 205 1 433 1 541 1 435 1 893 1 624 2 490 2 187 1 634 1 394 1 655 1 106 1 564 1 93 1 3 2 6 1 512 1 545 1 458 2 380 1 293 1 560 1 723 1 450 1 535 1 89 1 617 1 15 1 144 1 390 1
246 68 49 656 1 400 1 716 2 221 1 478 1 601 1 381 1 504 1 397 1 70 1 782 2 296 1 406 2 128 1 556 1 343 1 83 1 344 1 347 1 591 1 531 1 539 1 444 3 628 1 123 1 815 1 641 1 414 1 116 2 182 1 388 1 99 1 616 1 603 1 130 1 447 1 517 1 533 2 640 1 396 2 435 1 741 1 613 1 664 1 172 2 408 2 681 1 731 1 474 2
//IdTournes NbColis
42 6
//IdColis IdCommandeInColis NbProducts IdProd1 QtyProd1 IdProd2 QtyProd2 ...
247 68 44 597 1 485 1 422 3 722 1 333 1 777 1 382 1 428 1 471 1 154 1 237 1 820 1 443 2 413 2 726 1 387 1 448 2 243 1 369 1 784 1 554 2 416 2 660 1 6 1 495 1 95 1 512 1 378 1 582 2 526 1 581 1 392 1 622 1 358 1 773 1 770 1 463 1 579 4 614 2 723 1 189 1 334 4 15 1 619 1
248 68 41 81 1 609 1 522 3 565 1 718 2 528 1 652 2 175 1 595 1 71 2 610 3 195 1 38 1 541 2 184 1 426 1 173 1 351 1 590 1 893 1 497 1 596 1 624 1 759 1 375 1 626 1 568 1 394 1 729 1 362 1 106 2 93 1 3 2 632 1 432 2 644 1 217 1 523 1 105 1 371 1 122 2
249 68 12 855 1 665 1 372 1 732 1 338 2 496 1 402 2 97 1 424 2 42 1 578 1 566 1
250 69 52 61 1 597 1 852 1 346 1 418 1 601 1 381 1 364 2 117 1 397 1 567 2 428 2 296 1 403 2 406 1 900 1 373 1 236 1 389 1 556 1 374 1 376 1 700 1 399 1 369 1 185 1 539 2 554 1 499 1 684 1 518 1 392 1 444 1 91 1 773 1 500 2 385 1 280 1 503 1 449 1 505 1 414 1 116 2 182 1 4 2 648 1 534 1 623 1 421 1 419 2 627 2 565 1
251 69 44 822 1 17 1 480 1 908 1 27 1 442 1 205 1 533 1 501 1 94 1 425 1 433 1 341 1 107 1 396 2 435 1 502 1 613 1 596 1 624 1 759 1 482 1 408 1 411 2 394 2 448 1 93 1 552 1 412 3 158 1 416 2 43 2 103 1 571 1 349 1 338 1 735 1 560 1 402 3 599 1 562 2 424 1 619 1 390 3
252 70 54 514 1 547 1 398 1 725 1 527 1 31 1 149 1 101 1 397 1 8 1 382 1 488 1 405 1 446 1 174 1 531 2 113 1 185 1 393 1 628 1 384 1 505 1 553 1 453 1 116 1 182 1 85 1 604 1 321 1 517 2 621 1 433 1 557 1 885 1 145 1 473 1 574 1 408 2 521 1 474 1 448 2 46 1 43 1 660 1 103 1 458 3 581 1 721 1 342 1 535 1 18 1 197 1 144 1 390 1
//IdTournes NbColis
43 6
//IdColis IdCommandeInColis NbProducts IdProd1 QtyProd1 IdProd2 QtyProd2 ...
253 70 43 68 1 602 2 740 1 530 1 345 1 175 1 638 1 595 1 702 1 126 2 490 1 187 1 200 1 729 1 709 2 726 1 106 1 542 1 575 1 564 1 546 1 554 2 49 1 3 1 582 1 466 1 558 1 392 1 354 1 74 1 727 1 614 1 170 1 523 1 50 1 340 1 138 1 122 2 352 1 424 2 42 1 525 1 612 1
254 71 54 760 1 547 2 555 1 479 1 26 1 895 1 485 1 738 1 715 1 478 1 601 1 451 1 397 1 782 1 618 1 406 1 405 1 366 1 389 1 52 1 661 2 703 1 83 1 399 1 531 2 188 1 261 1 444 1 500 1 123 1 53 1 414 1 453 1 563 1 183 1 85 1 604 1 223 1 517 1 162 1 533 1 23 1 433 1 728 2 521 2 246 1 474 1 448 1 548 1 778 1 660 1 512 1 458 3 28 1
255 71 42 584 1 489 2 648 1 623 1 685 1 639 1 422 2 758 2 179 1 364 1 101 3 530 2 345 1 595 2 501 1 541 1 494 1 134 1 77 1 336 1 187 1 200 1 411 1 799 1 413 2 394 1 36 1 98 1 106 1 431 2 434 2 564 1 369 1 554 2 3 1 651 2 358 1 644 1 170 1 105 1 50 1 371 1
256 71 11 80 1 665 1 127 1 89 1 562 1 138 1 786 1 352 1 545 2 566 1 11 1
257 72 58 768 1 555 1 479 2 427 1 527 2 715 1 601 1 397 2 567 1 618 1 343 2 446 1 703 1 413 1 399 2 615 1 188 1 539 1 554 2 499 1 684 1 95 1 582 1 392 1 444 1 730 1 628 1 701 1 699 1 53 1 122 1 96 1 507 1 4 2 81 1 82 1 627 1 758 1 740 1 532 1 530 1 368 1 480 1 175 1 595 1 517 1 442 1 433 1 541 1 557 1 190 1 473 1 741 1 375 1 482 1 490 1 318 1 698 1
258 72 26 521 2 276 1 448 1 548 1 594 1 476 1 412 1 416 2 632 1 651 1 512 1 466 1 367 1 736 1 526 1 658 1 349 1 742 1 415 1 719 1 694 1 735 1 352 2 424 1 619 1 390 1
//IdTournes NbColis
44 6
//IdColis IdCommandeInColis NbProducts IdProd1 QtyProd1 IdProd2 QtyProd2 ...
259 73 44 551 1 183 1 388 3 524 1 706 1 39 1 715 1 481 1 381 1 345 1 397 4 720 1 702 3 517 4 610 2 403 2 442 1 396 2 190 1 435 1 664 1 624 1 482 1 659 1 700 1 452 2 531 2 369 1 498 2 705 2 119 1 622 1 500 1 628 2 222 1 680 1 614 1 701 1 146 1 449 1 683 1 710 1 641 1 515 2
260 73 16 521 2 729 1 731 1 474 1 93 1 564 2 529 2 660 2 432 1 378 1 581 1 745 2 732 2 735 1 723 2 525 1
261 74 54 514 1 592 1 350 1 409 1 743 1 891 1 346 1 689 1 381 1 167 1 226 1 66 1 567 1 142 1 373 1 755 1 703 1 452 1 477 1 44 1 111 1 628 1 577 3 123 1 701 1 505 1 53 1 329 1 453 1 183 1 534 1 616 1 517 4 425 2 433 1 473 1 435 1 741 1 613 1 464 1 482 1 574 1 521 1 439 1 277 1 813 1 412 1 487 1 606 1 43 1 666 2 719 1 721 1 723 1
262 74 47 24 1 584 1 68 1 421 1 715 3 39 1 876 1 565 1 422 2 722 1 101 2 459 1 379 1 480 1 586 1 195 1 137 1 746 1 184 1 502 2 596 2 624 1 443 1 593 1 34 1 615 1 369 1 600 1 410 2 705 2 69 1 335 1 579 1 20 1 449 2 217 1 218 1 454 1 617 1 50 1 334 2 15 1 371 1 228 1 619 1 231 1 801 1
263 74 12 411 1 571 1 665 1 709 1 635 1 3 2 158 1 632 1 97 1 126 1 432 2 751 1
264 75 48 414 1 24 1 507 2 4 2 427 1 26 1 534 1 527 1 573 1 422 1 101 1 266 1 37 1 226 1 70 1 33 2 255 1 142 1 406 1 471 1 746 2 446 1 559 1 661 1 520 1 413 1 36 2 115 2 642 1 531 1 347 1 498 1 620 1 582 1 697 1 705 1 90 1 444 1 76 1 463 1 628 1 679 1 251 1 523 1 713 1 641 1 50 1 53 2
//IdTournes NbColis
45 6
//IdColis IdCommandeInColis NbProducts IdProd1 QtyProd1 IdProd2 QtyProd2 ...
265 75 41 650 1 718 1 456 3 530 1 345 1 616 1 517 3 621 1 442 1 533 1 640 1 501 1 541 1 107 2 590 1 464 1 411 2 634 1 521 1 655 1 98 2 709 1 439 1 474 3 546 1 412 1 416 1 512 1 378 1 466 1 458 3 902 1 535 1 18 1 617 1 562 2 138 1 424 1 227 1 352 1 752 1
266 76 44 116 1 563 2 85 1 388 3 240 2 407 1 689 1 753 1 266 2 321 1 750 1 682 1 447 1 517 3 533 4 406 1 145 1 366 2 769 1 435 1 508 2 446 1 574 1 408 2 521 1 399 2 209 1 448 3 214 2 539 1 88 1 498 1 416 1 660 3 393 1 708 1 44 1 166 1 444 1 357 1 628 2 505 1 265 1 641 1
267 76 46 555 1 551 1 648 1 82 1 513 1 419 1 876 1 718 1 459 1 445 1 896 2 326 1 480 1 403 1 501 2 94 1 746 1 180 1 541 1 77 1 429 1 626 1 376 1 413 1 34 1 362 1 709 2 554 2 3 2 378 1 103 1 697 1 705 1 358 1 457 2 680 1 20 2 189 1 449 2 699 1 535 1 570 1 780 1 263 1 334 1 749 1
268 76 16 7 1 492 1 432 1 786 1 545 1 736 1 571 2 391 2 862 1 338 1 402 2 424 2 210 1 339 1 286 1 176 1
269 77 51 547 1 686 1 346 1 763 1 519 1 481 1 149 1 148 1 451 1 397 2 8 1 782 1 405 1 128 1 52 1 559 1 703 2 399 1 120 1 531 1 393 2 44 1 518 1 500 2 385 1 701 1 265 1 881 1 53 1 116 1 183 1 388 1 627 1 899 1 604 1 625 1 603 1 616 1 517 2 442 1 78 1 640 1 433 1 557 1 234 1 186 1 905 1 687 1 521 2 474 1 607 2
270 77 50 61 1 114 1 802 1 715 1 255 1 236 1 598 1 443 1 369 1 669 1 392 1 614 1 644 1 449 1 238 1 105 1 50 1 515 1 229 1 96 1 551 1 522 1 179 1 740 1 530 2 345 1 762 1 901 1 595 1 195 1 501 1 541 2 596 1 890 1 394 1 106 2 487 1 3 1 632 1 512 1 432 1 378 1 578 1 458 1 766 1 380 2 735 1 721 1 723 2 334 1
//IdTournes NbColis
46 6
//IdColis IdCommandeInColis NbProducts IdProd1 QtyProd1 IdProd2 QtyProd2 ...
271 77 6 767 1 665 1 391 1 402 1 10 1 339 1
272 78 56 165 1 479 1 686 1 346 1 689 1 519 1 478 1 670 1 37 1 397 1 567 1 131 1 296 1 406 1 373 1 769 1 446 1 1 1 591 1 539 1 708 1 717 1 500 2 123 1 503 1 329 1 85 1 483 1 133 1 603 1 130 1 517 1 204 1 442 1 533 1 880 1 664 1 687 1 484 2 681 1 439 1 474 1 607 2 412 1 660 1 512 1 103 1 800 1 458 1 526 1 766 1 793 1 380 1 723 1 20 1 196 1
273 78 44 24 1 869 1 597 1 852 1 623 3 81 1 754 1 738 2 422 3 364 1 101 2 379 1 480 2 175 1 382 2 71 1 377 1 520 1 438 1 102 1 431 1 829 1 554 1 49 1 410 2 684 1 95 1 386 1 669 1 697 1 69 2 392 1 358 1 773 1 644 2 449 1 132 1 450 1 570 2 617 2 371 1 515 1 229 1 390 1
274 78 25 27 1 541 2 184 1 351 1 649 1 375 1 187 1 411 2 510 1 875 1 362 1 106 1 300 1 3 2 158 1 632 1 803 1 745 1 338 1 402 1 599 1 424 2 525 1 365 1 176 1
275 79 52 768 1 832 1 547 2 427 1 686 1 743 1 400 1 423 1 524 1 418 1 519 1 481 1 734 1 504 1 836 1 70 1 567 1 406 4 373 1 343 1 344 1 401 3 115 1 531 2 347 1 185 1 840 1 444 2 385 3 673 2 713 1 360 1 641 1 536 1 329 1 414 1 116 1 388 1 561 1 483 1 604 1 9 1 29 1 321 1 750 1 720 1 447 1 517 2 640 1 533 1 433 1 557 1
276 79 42 573 1 513 2 706 1 715 1 676 1 459 1 117 1 382 2 586 2 403 1 471 1 145 1 396 2 821 3 464 1 172 2 825 1 376 1 484 1 413 3 521 2 472 1 439 3 575 2 431 1 607 1 552 1 369 1 412 2 554 2 660 1 95 1 417 1 579 1 449 1 132 1 217 1 644 3 677 1 450 1 617 1 15 1
//IdTournes NbColis
47 6
//IdColis IdCommandeInColis NbProducts IdProd1 QtyProd1 IdProd2 QtyProd2 ...
277 79 31 24 1 507 2 551 1 68 1 565 1 480 1 71 1 27 1 587 1 16 1 351 1 596 1 624 3 126 1 336 1 411 1 394 2 655 1 106 1 276 1 529 1 3 2 646 2 699 1 402 2 657 1 798 1 562 1 749 1 254 1 525 1
278 80 48 768 2 760 3 165 1 569 2 656 1 350 1 534 1 388 3 650 2 400 1 423 1 689 2 99 1 468 1 519 1 734 1 504 1 167 1 682 1 72 1 603 4 616 1 131 1 517 3 204 1 54 2 406 1 433 1 145 1 396 3 389 1 769 1 343 1 446 1 755 1 700 1 113 1 539 1 185 1 44 1 111 1 461 2 500 1 843 1 628 1 713 2 845 2 553 2
279 80 45 363 1 513 1 39 1 422 2 136 1 379 2 382 1 139 1 471 1 186 1 473 1 771 1 894 2 429 1 574 2 443 1 408 3 698 1 681 1 521 3 439 4 209 1 731 1 348 1 387 3 575 2 448 3 548 1 615 1 243 1 552 1 46 1 369 2 412 2 416 1 630 1 378 2 526 1 766 1 537 1 457 1 28 1 570 1 617 2 231 1
280 80 50 600 1 499 1 684 1 355 1 582 1 705 1 392 1 579 2 892 1 680 1 449 3 644 1 523 1 79 1 50 1 96 1 584 1 648 2 685 1 609 1 758 2 528 2 638 1 610 1 501 2 848 1 190 1 502 2 596 2 662 3 759 1 375 1 890 1 729 1 844 1 59 1 434 2 3 1 632 1 786 2 578 1 545 3 566 2 736 1 732 1 496 1 599 1 138 1 327 1 176 1
281 81 52 514 1 569 1 479 1 790 1 350 2 423 1 524 1 689 1 397 1 33 1 787 1 618 1 343 1 446 1 174 1 399 1 115 1 539 1 88 1 185 1 887 1 119 1 577 1 385 1 713 1 563 1 534 2 85 1 99 2 792 1 616 1 130 1 442 1 533 1 425 1 433 1 557 1 145 2 435 1 913 1 172 1 681 1 448 1 552 1 487 1 6 1 103 2 378 1 163 1 458 2 793 1 735 1
282 81 48 24 1 663 1 527 1 917 1 419 1 602 1 459 2 456 2 530 1 117 1 345 1 235 1 702 1 610 1 403 1 291 1 184 1 502 1 598 1 624 1 662 1 375 1 490 1 187 1 472 1 655 1 729 1 106 1 784 1 546 1 554 1 529 1 95 1 751 1 786 1 578 1 582 4 690 1 293 1 723 1 644 1 402 2 10 1 450 1 562 1 228 1 122 1 352 1
//IdTournes NbColis
48 6
//IdColis IdCommandeInColis NbProducts IdProd1 QtyProd1 IdProd2 QtyProd2 ...
283 82 47 414 2 563 3 85 1 388 1 475 1 400 1 423 1 524 1 689 1 667 1 625 1 206 1 273 1 130 1 517 3 618 1 433 1 373 1 128 1 473 1 509 1 446 2 559 1 661 1 104 1 172 1 698 1 521 2 399 2 297 1 439 1 347 1 474 1 448 4 185 1 476 2 412 1 778 1 202 1 643 1 332 1 500 2 385 2 735 1 505 2 342 1 360 1
284 82 49 555 1 597 1 738 3 382 1 237 1 443 1 376 1 413 2 36 1 600 1 410 1 181 1 540 1 795 1 892 1 463 1 449 1 132 1 218 1 523 2 371 1 629 1 96 1 507 1 522 1 30 1 758 1 175 1 595 1 610 1 756 1 501 1 324 1 168 1 190 1 624 1 776 1 336 1 106 1 432 1 199 1 466 3 367 1 902 1 560 1 15 1 525 2 339 1 390 1
285 83 45 514 1 159 1 547 1 656 1 409 1 479 2 350 2 573 1 216 1 513 1 715 1 259 1 927 1 101 4 117 1 397 1 404 1 32 1 403 1 406 2 812 1 556 1 193 1 446 2 516 1 520 1 174 1 102 1 387 1 531 1 615 2 347 1 113 1 185 1 684 1 355 1 393 1 705 2 69 1 500 1 357 1 614 1 449 1 683 2 699 2
286 83 51 19 1 50 1 228 1 507 2 551 1 648 1 475 1 522 1 530 1 480 1 638 1 595 2 603 1 517 2 442 1 533 1 737 2 282 2 203 1 205 1 501 1 541 1 508 1 624 1 662 2 77 1 100 1 574 1 411 1 799 1 394 1 521 2 59 1 474 2 548 2 813 1 412 1 778 1 651 2 807 1 736 1 566 2 65 1 157 1 458 3 80 1 402 1 570 1 424 1 619 1 365 1
287 84 56 547 1 808 1 191 1 597 1 350 1 427 1 527 1 363 1 423 1 39 1 101 1 809 1 451 1 488 1 637 1 428 1 618 1 746 1 900 1 405 1 237 1 446 2 703 1 413 1 102 1 399 1 438 1 575 1 369 1 498 1 95 1 582 1 705 1 392 1 730 1 123 1 463 1 385 1 544 1 644 1 699 1 50 2 53 1 462 1 371 1 414 1 24 1 116 1 551 1 68 1 85 1 475 1 565 1 456 1 445 1 517 3
288 84 30 204 1 38 2 54 1 501 1 541 2 314 1 190 1 435 1 225 1 464 1 906 1 482 1 490 2 318 1 521 1 898 1 511 1 93 1 3 1 43 1 651 1 545 1 378 1 558 1 157 2 466 1 80 1 723 1 562 1 138 1
//IdTournes NbColis
49 6
//IdColis IdCommandeInColis NbProducts IdProd1 QtyProd1 IdProd2 QtyProd2 ...
289 85 54 555 1 656 1 569 1 61 1 350 1 597 1 527 1 802 1 743 1 689 1 136 1 504 1 618 1 406 1 405 1 446 1 661 2 104 1 399 1 188 1 113 2 539 1 88 1 477 1 444 3 505 1 553 1 713 1 881 1 414 1 116 1 823 1 604 1 720 1 517 2 508 1 613 1 521 2 209 1 448 1 548 2 474 1 412 1 660 1 43 1 103 1 378 1 458 2 13 1 581 1 824 1 735 2 617 1 390 2
290 85 45 489 1 4 2 522 1 877 1 456 1 530 2 543 1 175 2 235 1 255 2 702 1 403 1 501 2 746 1 541 1 590 1 598 1 906 1 375 1 411 1 413 3 36 1 898 1 106 2 542 1 615 1 554 1 410 2 181 1 578 1 466 1 705 1 69 1 622 1 392 1 540 1 665 1 644 1 50 1 462 2 562 1 122 1 424 1 629 1 365 1
291 86 56 514 1 663 1 479 1 527 1 114 1 738 1 693 1 504 1 397 1 404 1 428 1 702 2 142 1 139 1 406 1 75 1 549 1 36 1 297 1 438 1 34 1 120 1 531 1 113 1 88 1 369 1 554 1 620 1 202 1 582 1 108 1 147 1 628 1 544 1 218 1 505 1 699 1 713 1 79 1 116 1 182 1 4 2 85 2 627 1 602 2 530 1 501 2 541 1 557 1 707 1 433 1 590 1 396 2 613 1 687 1 662 1
292 86 26 913 1 126 2 585 2 576 1 521 2 106 1 448 1 474 1 632 1 660 1 807 1 492 1 65 1 163 1 325 1 458 2 646 1 902 1 415 1 735 1 20 1 342 1 617 1 97 1 424 1 129 1
293 87 53 760 1 597 1 686 1 743 1 240 1 485 1 519 1 364 1 117 1 382 1 488 1 702 1 139 1 256 1 405 1 389 1 556 1 559 1 593 1 113 1 919 1 185 1 554 1 643 1 582 2 705 1 69 1 392 1 224 1 579 2 505 2 50 1 536 1 116 1 688 1 534 1 82 1 625 1 528 1 530 1 762 1 175 1 903 1 71 1 610 1 38 1 501 2 324 1 314 1 184 1 107 1 190 1 502 1
294 87 32 741 1 460 1 624 2 172 1 482 1 574 1 490 1 408 2 467 1 448 2 548 2 93 1 607 1 660 2 43 1 651 1 512 2 807 1 545 1 630 1 199 1 378 1 325 1 466 1 658 1 457 1 415 1 63 1 352 2 424 1 525 1 390 1
//IdTournes NbColis
50 6
//IdColis IdCommandeInColis NbProducts IdProd1 QtyProd1 IdProd2 QtyProd2 ...
295 88 52 555 1 852 1 350 1 409 1 479 1 114 1 513 1 400 1 738 1 143 1 422 2 364 1 319 1 598 1 654 1 516 1 174 1 413 1 726 1 575 2 115 1 113 1 539 1 49 1 684 2 410 1 44 1 436 2 577 1 579 2 683 2 713 1 58 1 122 1 515 1 507 1 627 1 899 1 602 1 308 1 480 2 595 2 130 1 903 1 204 1 737 2 282 1 324 1 501 1 168 1 541 2 433 1
296 88 31 190 1 508 1 664 1 509 1 624 1 490 1 408 1 655 1 709 1 209 1 106 1 548 1 564 1 300 1 778 1 3 1 43 1 512 1 279 1 325 1 458 2 766 1 380 2 537 1 391 1 732 1 719 1 334 1 227 1 247 1 365 1
297 89 47 514 2 24 1 156 1 563 2 4 1 409 1 363 1 650 1 475 1 423 1 221 1 604 1 734 1 148 1 456 1 445 1 117 2 321 1 543 1 175 3 480 1 702 3 296 1 746 1 433 1 769 1 128 1 556 1 446 1 443 1 531 1 911 1 784 1 554 1 582 1 69 1 316 1 701 1 523 1 505 1 828 1 105 1 53 2 462 2 122 1 220 1 536 1
298 89 20 799 1 521 1 245 1 434 1 35 1 432 1 512 1 458 2 367 1 526 1 767 1 415 1 107 1 502 1 197 1 664 1 460 1 562 1 687 1 482 1
299 90 56 514 2 760 1 191 1 527 2 39 1 716 1 221 1 167 1 37 1 397 1 428 2 668 1 471 1 769 1 237 1 366 1 389 1 549 1 52 1 897 1 615 1 910 1 554 1 410 1 499 1 44 1 202 1 119 1 166 1 392 1 628 1 579 3 265 1 238 1 641 1 53 1 371 1 220 1 536 1 329 1 24 1 96 1 572 1 563 1 4 2 704 1 522 1 528 1 762 1 345 1 517 2 204 1 533 1 54 1 501 1 914 1
300 90 27 186 1 190 1 590 1 473 1 893 1 509 1 624 1 728 2 585 1 464 1 906 1 574 1 490 1 484 1 394 1 521 2 362 1 46 1 578 1 163 1 458 3 658 1 581 1 415 1 192 1 617 1 339 1
//IdTournes NbColis
51 6
//IdColis IdCommandeInColis NbProducts IdProd1 QtyProd1 IdProd2 QtyProd2 ...
301 91 53 427 1 114 1 216 1 891 1 689 1 400 1 738 1 715 1 670 1 117 1 66 1 382 1 32 1 278 1 154 1 128 1 661 1 45 1 516 2 344 1 413 2 929 1 531 1 911 1 88 1 49 2 69 1 579 2 385 1 523 1 265 1 116 1 507 1 82 1 522 1 720 1 616 1 610 1 517 1 38 1 761 1 509 2 464 1 906 2 811 1 490 1 408 2 709 1 257 1 121 1 362 1 448 2 93 1
302 91 10 526 1 571 1 196 1 89 1 696 1 35 1 432 1 424 1 458 1 286 1
303 92 52 768 1 320 1 479 1 754 1 101 1 379 1 397 2 256 1 236 1 366 1 374 1 550 1 34 1 243 1 531 1 911 1 185 1 410 1 392 1 91 1 628 1 357 1 523 1 699 1 505 1 105 1 53 1 122 1 563 1 704 1 740 2 528 1 530 1 175 1 826 1 517 1 442 1 94 1 885 1 107 1 341 1 186 1 509 1 490 2 576 1 408 1 484 1 865 1 729 1 98 1 467 1 257 1
304 92 10 420 1 548 1 735 1 434 1 930 2 233 1 450 1 22 1 736 1 390 1
305 93 51 918 1 165 1 398 1 527 2 114 1 524 1 716 1 481 1 206 1 167 1 618 1 256 1 406 1 154 1 549 1 52 1 343 1 559 1 446 1 598 1 661 1 516 2 344 1 413 1 36 1 438 1 575 1 115 1 431 2 369 1 582 1 540 1 579 2 463 1 614 1 505 1 122 1 229 1 572 1 688 1 563 1 489 1 85 1 135 1 595 1 195 1 442 2 533 1 107 1 435 1 613 2
306 93 21 490 1 408 1 510 1 709 1 474 1 434 2 529 1 512 1 545 2 578 1 378 1 118 1 571 1 666 1 770 1 28 1 402 1 570 1 233 1 562 1 662 1
//IdTournes NbColis
52 6
//IdColis IdCommandeInColis NbProducts IdProd1 QtyProd1 IdProd2 QtyProd2 ...
307 94 47 4 1 551 1 882 1 522 1 419 1 221 1 437 1 602 1 530 1 480 1 874 1 32 1 142 1 442 1 889 1 880 1 107 1 494 1 313 1 556 1 52 1 879 1 559 2 883 1 886 1 443 1 200 1 1 1 521 1 655 1 120 1 362 1 209 1 531 2 878 1 829 1 651 1 512 1 436 1 420 1 884 1 383 1 132 1 503 1 694 1 227 1 229 1
308 95 33 760 1 182 1 363 1 601 1 345 1 397 1 567 1 610 1 442 1 533 1 618 1 885 1 75 1 126 1 172 1 429 1 490 1 521 1 106 1 575 1 185 1 3 1 95 1 660 1 840 1 458 2 80 1 385 1 719 1 189 1 89 1 424 1 629 1
309 96 51 547 1 165 2 527 1 524 1 422 1 101 1 451 1 66 1 397 1 488 1 406 1 373 1 366 1 34 1 531 1 95 1 444 1 385 1 263 1 228 1 122 1 507 2 551 1 85 1 627 1 602 1 456 1 532 1 528 1 530 1 175 2 235 1 71 1 442 1 433 1 541 1 613 1 482 1 408 1 394 1 521 1 106 1 548 1 3 2 512 1 342 1 40 1 144 1 129 1 525 1 390 1
310 97 47 923 1 68 1 465 2 504 1 922 2 451 1 397 1 130 1 382 2 637 1 586 1 517 3 154 1 75 2 237 1 893 1 52 1 596 1 126 2 413 2 647 1 521 1 925 1 297 1 209 1 448 2 113 1 635 1 926 1 817 1 607 1 924 1 103 1 646 1 582 1 119 2 690 2 781 1 673 2 132 2 713 1 352 1 424 2 92 1 229 2 515 1 390 1
311 98 16 920 1 381 1 206 1 416 1 466 2 397 4 296 1 517 1 737 2 184 1 433 1 493 1 683 3 190 2 921 1 327 1
312 99 33 760 1 216 1 468 1 565 1 639 1 753 1 397 1 131 1 32 1 296 1 38 1 154 1 75 1 126 2 446 2 574 1 408 2 411 1 647 1 729 1 695 1 548 1 113 1 924 1 936 1 518 1 558 1 928 1 132 1 721 1 937 1 352 2 229 2
//IdTournes NbColis
53 3
//IdColis IdCommandeInColis NbProducts IdProd1 QtyProd1 IdProd2 QtyProd2 ...
313 100 34 465 1 216 1 565 1 149 1 481 1 422 2 397 1 934 1 797 1 154 1 75 1 237 1 126 1 931 2 574 1 659 1 925 1 731 2 935 1 817 1 936 2 651 2 558 1 928 1 803 1 767 1 781 2 132 1 238 1 937 2 933 1 53 1 229 1 932 1
314 101 31 216 1 639 1 149 2 37 1 939 1 488 2 846 1 32 1 403 1 324 2 190 1 938 1 126 1 925 1 34 2 188 1 548 1 607 1 410 1 44 2 325 1 558 1 69 1 119 1 690 1 111 2 940 1 943 2 713 1 937 1 122 1
315 102 13 574 1 413 2 521 2 531 1 942 1 69 1 288 1 586 1 38 1 425 1 75 1 122 1 506 1
